1 117 5
2 100 5
3 88 5
4 72 5
6 53 5
9 29.5 5
10 25.2 1
13 15.2 1
15 11.1 1


1 123.558306512418
1.25 118.506743615938
1.5 113.661709025142
1.75 109.014759028266
2 104.557795126607
2.25 100.283049920818
2.5 96.1830735742267
2.75 92.2507208295884
3 88.479138556652
3.25 84.8617538088255
3.5 81.3922623681364
3.75 78.0646177585195
4 74.8730207082864
4.25 71.8119090434115
4.5 68.8759479940211
4.75 66.0600208971933
5 63.3592202798636
5.25 60.7688393062987
5.5 58.2843635752316
5.75 55.9014632523626
6 53.6159855245161
6.25 51.4239473623013
6.5 49.3215285786655
6.75 47.3050651712407
7 45.371042936883
7.25 43.5160913472744
7.5 41.7369776749157
7.75 40.0306013592722
8 38.3939886032536
8.25 36.8242871906126
8.5 35.3187615152285
8.75 33.874787813614
9 32.4898495923364
9.25 31.1615332423841
9.5 29.887523832836
9.75 28.665601076502
10 27.4936354605051
10.25 26.3695845350607
10.5 25.291489353985
10.75 24.2574710607312
11 23.2657276140005
11.25 22.3145306472253
11.5 21.4022224564477
11.75 20.5272131113469
12 19.6879776843787
12.25 18.8830535931996
12.5 18.111038051743
12.75 17.3705856255054
13 16.6604058867833
13.25 15.9792611657725
13.5 15.325964393612
13.75 14.6993770336132
14 14.0984070970682
14.25 13.5220072401807
14.5 12.9691729388012
14.75 12.4389407377869
15 11.9303865719348
15.25 11.4426241555619
15.5 10.9748034379253
15.75 10.5261091217919


1 114.975296414437
1.25 110.040727010545
1.5 105.317942015663
1.75 100.797851956682
2 96.4717574672142
2.25 92.3313325447906
2.5 88.3686085266349
2.75 84.5759587531723
3 80.9460838897595
3.25 77.4719978783831
3.5 74.1470144922909
3.75 70.9647344676784
4 67.9190331876639
4.25 65.0040488948497
4.5 62.2141714097822
4.75 59.5440313335994
5 56.9884897140846
5.25 54.5426281552376
5.5 52.2017393513286
5.75 49.9613180272167
6 47.8170522674962
6.25 45.7648152177829
6.5 43.8006571421698
6.75 41.920797821564
7 40.1216192782761
7.25 38.3996588128599
7.5 36.7516023397998
7.75 35.1742780092213
8 33.6646501023479
8.25 32.2198131889559
8.5 30.8369865355831
8.75 29.513508753728
9 28.2468326777414
9.25 27.0345204625504
9.5 25.8742388917814
9.75 24.763754887251
10 23.7009312111839
10.25 22.6837223528838
10.5 21.7101705919434
10.75 20.7784022304155
11 19.8866239866928
11.25 19.0331195441584
11.5 18.216246247962
11.75 17.4344319435663
12 16.6861719509776
12.25 15.9700261688387
12.5 15.2846163028094
12.75 14.6286232129007
13 14.0007843746581
13.25 13.3998914493062
13.5 12.82478795818
13.75 12.2743670569656
14 11.7475694054673
14.25 11.2433811288017
14.5 10.7608318660933
14.75 10.2989929029177
15 9.85697538389825
15.25 9.43392860201416
15.5 9.0290383613298
15.75 8.641525409993
The half-life from the fit: 5.84043621710261 days
The half-life of 224-Ra is 3.6 days
The uncertainties of the fitting coefficients, fit to f(x)=c1+c2*x:
?c1 = 0.031751028085819
?c2 = 0.00424690724674443

The half-life with uncertainty:
lambda = 4.04828189712487 +- 0.100412737658525 day 
which doesn't agree with the value within the uncertainty
The covariance matrix:

   0.00101  -0.000106 
 -0.000106    1.8e-05 
