0 0
0.4 0.389418342308651
0.8 0.717356090899523
1.2 0.932039085967226
1.6 0.999573603041505
2 0.909297426825682
2.4 0.675463180551151
2.8 0.334988150155905
3.2 -0.0583741434275801
3.6 -0.442520443294852
4 -0.756802495307928
4.4 -0.951602073889516
4.8 -0.996164608835841
5.2 -0.883454655720153
5.6 -0.631266637872322
6 -0.279415498198926
6.4 0.116549204850494


0 0 0
0.015625 0.0152116539964317 0.000118841046847122
0.03125 0.0304233079928633 0.000475364187388489
0.046875 0.045634961989295 0.0010695694216241
0.0625 0.0608466159857266 0.00190145674955396
0.078125 0.0760582699821583 0.00297102617117806
0.09375 0.09126992397859 0.0042782776864964
0.109375 0.106481577975022 0.00582321129550899
0.125 0.121693231971453 0.00760582699821583
0.140625 0.136904885967885 0.00962612479461691
0.15625 0.152116539964317 0.0118841046847122
0.171875 0.167328193960748 0.0143797666685018
0.1875 0.18253984795718 0.0171131107459856
0.203125 0.197751501953612 0.0200841369171637
0.21875 0.212963155950043 0.023292845182036
0.234375 0.228174809946475 0.0267392355406025
0.25 0.243386463942907 0.0304233079928633
0.265625 0.258598117939338 0.0343450625388184
0.28125 0.27380977193577 0.0385044991784676
0.296875 0.289021425932202 0.0429016179118112
0.3125 0.304233079928633 0.0475364187388489
0.328125 0.319444733925065 0.052408901659581
0.34375 0.334656387921496 0.0575190666740072
0.359375 0.349868041917928 0.0628669137821277
0.375 0.36507969591436 0.0684524429839425
0.390625 0.380291349910791 0.0742756542794515
0.40625 0.395503003907223 0.0803365476686547
0.421875 0.410714657903655 0.0866351231515522
0.4375 0.425926311900086 0.0931713807281439
0.453125 0.441137965896518 0.0999453203984299
0.46875 0.45634961989295 0.10695694216241
0.484375 0.471561273889381 0.114206246020085
0.5 0.486772927885813 0.121693231971453
0.515625 0.501984581882245 0.129417900016516
0.53125 0.517196235878676 0.137380250155273
0.546875 0.532407889875108 0.145580282387725
0.5625 0.54761954387154 0.154017996713871
0.578125 0.562831197867971 0.16269339313371
0.59375 0.578042851864403 0.171606471647245
0.609375 0.593254505860835 0.180757232254473
0.625 0.608466159857266 0.190145674955396
0.640625 0.623677813853698 0.199771799750013
0.65625 0.63888946785013 0.209635606638324
0.671875 0.654101121846561 0.219737095620329
0.6875 0.669312775842993 0.230076266696029
0.703125 0.684524429839425 0.240653119865423
0.71875 0.699736083835856 0.251467655128511
0.734375 0.714947737832288 0.262519872485293
0.75 0.73015939182872 0.27380977193577
0.765625 0.745371045825151 0.285337353479941
0.78125 0.760582699821583 0.297102617117806
0.796875 0.775794353818015 0.309105562849365
0.8125 0.791006007814446 0.321346190674619
0.828125 0.806217661810878 0.333824500593567
0.84375 0.82142931580731 0.346540492606209
0.859375 0.836640969803741 0.359494166712545
0.875 0.851852623800173 0.372685522912576
0.890625 0.867064277796605 0.3861145612063
0.90625 0.882275931793036 0.39978128159372
0.921875 0.897487585789468 0.413685684074833
0.9375 0.9126992397859 0.42782776864964
0.953125 0.927910893782331 0.442207535318142
0.96875 0.943122547778763 0.456824984080338
0.984375 0.958334201775195 0.471680114936229
1 0.973545855771626 0.486772927885813
1.015625 0.988757509768058 0.502103422929092
1.03125 1.00396916376449 0.517671600066065
1.046875 1.01918081776092 0.533477459296732
1.0625 1.03439247175735 0.549521000621094
1.078125 1.04960412575378 0.565802224039149
1.09375 1.06481577975022 0.582321129550899
1.109375 1.08002743374665 0.599077717156344
1.125 1.09523908774308 0.616071986855482
1.140625 1.11045074173951 0.633303938648315
1.15625 1.12566239573594 0.650773572534842
1.171875 1.14087404973237 0.668480888515063
1.1875 1.15608570372881 0.686425886588979
1.203125 1.17129735772524 0.704608566756588
1.21875 1.18650901172167 0.723028929017892
1.234375 1.2017206657181 0.741686973372891
1.25 1.21693231971453 0.760582699821583
1.265625 1.23214397371096 0.77971610836397
1.28125 1.2473556277074 0.799087199000051
1.296875 1.26256728170383 0.818695971729826
1.3125 1.27777893570026 0.838542426553295
1.328125 1.29299058969669 0.858626563470459
1.34375 1.30820224369312 0.878948382481317
1.359375 1.32341389768955 0.899507883585869
1.375 1.33862555168599 0.920305066784115
1.390625 1.35383720568242 0.941339932076056
1.40625 1.36904885967885 0.962612479461691
1.421875 1.38426051367528 0.98412270894102
1.4375 1.39947216767171 1.00587062051404
1.453125 1.41468382166814 1.02785621418076
1.46875 1.42989547566458 1.05007948994117
1.484375 1.44510712966101 1.07254044779528
1.5 1.46031878365744 1.09523908774308
1.515625 1.47553043765387 1.11817540978457
1.53125 1.4907420916503 1.14134941391976
1.546875 1.50595374564673 1.16476110014865
1.5625 1.52116539964317 1.18841046847122
1.578125 1.5363770536396 1.21229751888749
1.59375 1.55158870763603 1.23642225139746
1.609375 1.56680036163246 1.26078466600112
1.625 1.58201201562889 1.28538476269848
1.640625 1.59722366962532 1.31022254148952
1.65625 1.61243532362176 1.33529800237427
1.671875 1.62764697761819 1.3606111453527
1.6875 1.64285863161462 1.38616197042483
1.703125 1.65807028561105 1.41195047759066
1.71875 1.67328193960748 1.43797666685018
1.734375 1.68849359360391 1.46424053820339
1.75 1.70370524760035 1.4907420916503
1.765625 1.71891690159678 1.51748132719091
1.78125 1.73412855559321 1.5444582448252
1.796875 1.74934020958964 1.57167284455319
1.8125 1.76455186358607 1.59912512637488
1.828125 1.7797635175825 1.62681509029026
1.84375 1.79497517157894 1.65474273629933
1.859375 1.81018682557537 1.6829080644021
1.875 1.8253984795718 1.71131107459856
1.890625 1.84061013356823 1.73995176688872
1.90625 1.85582178756466 1.76883014127257
1.921875 1.87103344156109 1.79794619775011
1.9375 1.88624509555753 1.82729993632135
1.953125 1.90145674955396 1.85689135698629
1.96875 1.91666840355039 1.88672045974491
1.984375 1.93188005754682 1.91678724459724
2 1.94709171154325 1.94709171154325
2.015625 1.96230336553968 1.97763386058296
2.03125 1.97751501953612 2.00841369171637
2.046875 1.99272667353255 2.03943120494347
2.0625 2.00793832752898 2.07068640026426
2.078125 2.02314998152541 2.10217927767875
2.09375 2.03836163552184 2.13390983718693
2.109375 2.05357328951827 2.1658780787888
2.125 2.06878494351471 2.19808400248437
2.140625 2.08399659751114 2.23052760827364
2.15625 2.09920825150757 2.2632088961566
2.171875 2.114419905504 2.29612786613325
2.1875 2.12963155950043 2.3292845182036
2.203125 2.14484321349686 2.36267885236764
2.21875 2.1600548674933 2.39631086862537
2.234375 2.17526652148973 2.4301805669768
2.25 2.19047817548616 2.46428794742193
2.265625 2.20568982948259 2.49863300996075
2.28125 2.22090148347902 2.53321575459326
2.296875 2.23611313747545 2.56803618131947
2.3125 2.25132479147189 2.60309429013937
2.328125 2.26653644546832 2.63839008105296
2.34375 2.28174809946475 2.67392355406025
2.359375 2.29695975346118 2.70969470916124
2.375 2.31217140745761 2.74570354635591
2.390625 2.32738306145404 2.78195006564429
2.40625 2.34259471545048 2.81843426702635
2.421875 2.35780636944691 2.85515615050211
2.4375 2.37301802344334 2.89211571607157
2.453125 2.38822967743977 2.92931296373472
2.46875 2.4034413314362 2.96674789349156
2.484375 2.41865298543263 3.0044205053421
2.5 2.43386463942907 3.04233079928633
2.515625 2.4490762934255 3.08047877532426
2.53125 2.46428794742193 3.11886443345588
2.546875 2.47949960141836 3.15748777368119
2.5625 2.49471125541479 3.1963487960002
2.578125 2.50992290941122 3.23544750041291
2.59375 2.52513456340766 3.2747838869193
2.609375 2.54034621740409 3.31435795551939
2.625 2.55555787140052 3.35416970621318
2.640625 2.57076952539695 3.39421913900066
2.65625 2.58598117939338 3.43450625388184
2.671875 2.60119283338981 3.4750310508567
2.6875 2.61640448738625 3.51579352992527
2.703125 2.63161614138268 3.55679369108752
2.71875 2.64682779537911 3.59803153434348
2.734375 2.66203944937554 3.63950705969312
2.75 2.67725110337197 3.68122026713646
2.765625 2.6924627573684 3.7231711566735
2.78125 2.70767441136484 3.76535972830422
2.796875 2.72288606536127 3.80778598202865
2.8125 2.7380977193577 3.85044991784676
2.828125 2.75330937335413 3.89335153575857
2.84375 2.76852102735056 3.93649083576408
2.859375 2.78373268134699 3.97986781786328
2.875 2.79894433534343 4.02348248205617
2.890625 2.81415598933986 4.06733482834276
2.90625 2.82936764333629 4.11142485672304
2.921875 2.84457929733272 4.15575256719702
2.9375 2.85979095132915 4.20031795976469
2.953125 2.87500260532558 4.24512103442606
2.96875 2.89021425932202 4.29016179118112
2.984375 2.90542591331845 4.33544023002987
3 2.92063756731488 4.38095635097232
3.015625 2.93584922131131 4.42671015400846
3.03125 2.95106087530774 4.4727016391383
3.046875 2.96627252930417 4.51893080636183
3.0625 2.98148418330061 4.56539765567905
3.078125 2.99669583729704 4.61210218708997
3.09375 3.01190749129347 4.65904440059458
3.109375 3.0271191452899 4.70622429619289
3.125 3.04233079928633 4.75364187388489
3.140625 3.05754245328276 4.80129713367059
3.15625 3.0727541072792 4.84919007554998
3.171875 3.08796576127563 4.89732069952306
3.1875 3.10317741527206 4.94568900558984
3.203125 3.11838906926849 4.99429499375032
3.21875 3.13360072326492 5.04313866400448
3.234375 3.14881237726135 5.09222001635235
3.25 3.16402403125779 5.1415390507939
3.265625 3.17923568525422 5.19109576732915
3.28125 3.19444733925065 5.2408901659581
3.296875 3.20965899324708 5.29092224668073
3.3125 3.22487064724351 5.34119200949707
3.328125 3.24008230123994 5.39169945440709
3.34375 3.25529395523638 5.44244458141081
3.359375 3.27050560923281 5.49342739050823
3.375 3.28571726322924 5.54464788169934
3.390625 3.30092891722567 5.59610605498414
3.40625 3.3161405712221 5.64780191036264
3.421875 3.33135222521853 5.69973544783483
3.4375 3.34656387921497 5.75190666740072
3.453125 3.3617755332114 5.8043155690603
3.46875 3.37698718720783 5.85696215281358
3.484375 3.39219884120426 5.90984641866055
3.5 3.40741049520069 5.96296836660121
3.515625 3.42262214919712 6.01632799663557
3.53125 3.43783380319356 6.06992530876362
3.546875 3.45304545718999 6.12376030298537
3.5625 3.46825711118642 6.17783297930081
3.578125 3.48346876518285 6.23214333770994
3.59375 3.49868041917928 6.28669137821277
3.609375 3.51389207317571 6.3414771008093
3.625 3.52910372717215 6.39650050549951
3.640625 3.54431538116858 6.45176159228342
3.65625 3.55952703516501 6.50726036116103
3.671875 3.57473868916144 6.56299681213233
3.6875 3.58995034315787 6.61897094519733
3.703125 3.6051619971543 6.67518276035601
3.71875 3.62037365115073 6.7316322576084
3.734375 3.63558530514717 6.78831943695448
3.75 3.6507969591436 6.84524429839425
3.765625 3.66600861314003 6.90240684192771
3.78125 3.68122026713646 6.95980706755487
3.796875 3.69643192113289 7.01744497527573
3.8125 3.71164357512933 7.07532056509028
3.828125 3.72685522912576 7.13343383699852
3.84375 3.74206688312219 7.19178479100046
3.859375 3.75727853711862 7.25037342709609
3.875 3.77249019111505 7.30919974528541
3.890625 3.78770184511148 7.36826374556843
3.90625 3.80291349910791 7.42756542794515
3.921875 3.81812515310435 7.48710479241555
3.9375 3.83333680710078 7.54688183897966
3.953125 3.84854846109721 7.60689656763745
3.96875 3.86376011509364 7.66714897838895
3.984375 3.87897176909007 7.72763907123413
4 3.8941834230865 7.78836684617301
4.015625 3.90939507708294 7.84933230320558
4.03125 3.92460673107937 7.91053544233185
4.046875 3.9398183850758 7.97197626355181
4.0625 3.95503003907223 8.03365476686547
4.078125 3.97024169306866 8.09557095227282
4.09375 3.9854533470651 8.15772481977387
4.109375 4.00066500106153 8.22011636936861
4.125 4.01587665505796 8.28274560105704
4.140625 4.03108830905439 8.34561251483917
4.15625 4.04629996305082 8.40871711071499
4.171875 4.06151161704725 8.4720593886845
4.1875 4.07672327104368 8.53563934874771
4.203125 4.09193492504012 8.59945699090462
4.21875 4.10714657903655 8.66351231515522
4.234375 4.12235823303298 8.72780532149951
4.25 4.13756988702941 8.7923360099375
4.265625 4.15278154102584 8.85710438046918
4.28125 4.16799319502227 8.92211043309456
4.296875 4.18320484901871 8.98735416781363
4.3125 4.19841650301514 9.05283558462639
4.328125 4.21362815701157 9.11855468353285
4.34375 4.228839811008 9.184511464533
4.359375 4.24405146500443 9.25070592762685
4.375 4.25926311900086 9.31713807281439
4.390625 4.2744747729973 9.38380790009563
4.40625 4.28968642699373 9.45071540947056
4.421875 4.30489808099016 9.51786060093918
4.4375 4.32010973498659 9.5852434745015
4.453125 4.33532138898302 9.65286403015751
4.46875 4.35053304297946 9.72072226790722
4.484375 4.36574469697589 9.78881818775062
4.5 4.38095635097232 9.85715178968772
4.515625 4.39616800496875 9.9257230737185
4.53125 4.41137965896518 9.99453203984299
4.546875 4.42659131296161 10.0635786880612
4.5625 4.44180296695804 10.132863018373
4.578125 4.45701462095448 10.2023850307786
4.59375 4.47222627495091 10.2721447252779
4.609375 4.48743792894734 10.3421421018708
4.625 4.50264958294377 10.4123771605575
4.640625 4.5178612369402 10.4828499013378
4.65625 4.53307289093663 10.5535603242119
4.671875 4.54828454493307 10.6245084291796
4.6875 4.5634961989295 10.695694216241
4.703125 4.57870785292593 10.7671176853961
4.71875 4.59391950692236 10.8387788366449
4.734375 4.60913116091879 10.9106776699875
4.75 4.62434281491522 10.9828141854237
4.765625 4.63955446891166 11.0551883829536
4.78125 4.65476612290809 11.1278002625771
4.796875 4.66997777690452 11.2006498242944
4.8125 4.68518943090095 11.2737370681054
4.828125 4.70040108489738 11.3470619940101
4.84375 4.71561273889381 11.4206246020085
4.859375 4.73082439289025 11.4944248921005
4.875 4.74603604688668 11.5684628642863
4.890625 4.76124770088311 11.6427385185657
4.90625 4.77645935487954 11.7172518549389
4.921875 4.79167100887597 11.7920028734057
4.9375 4.8068826628724 11.8669915739662
4.953125 4.82209431686884 11.9422179566205
4.96875 4.83730597086527 12.0176820213684
4.984375 4.8525176248617 12.09338376821
5 4.86772927885813 12.1693231971453
5.015625 4.88294093285456 12.2455003081743
5.03125 4.89815258685099 12.321915101297
5.046875 4.91336424084743 12.3985675765134
5.0625 4.92857589484386 12.4754577338235
5.078125 4.94378754884029 12.5525855732273
5.09375 4.95899920283672 12.6299510947248
5.109375 4.97421085683315 12.7075542983159
5.125 4.98942251082958 12.7853951840008
5.140625 5.00463416482602 12.8634737517794
5.15625 5.01984581882245 12.9417900016516
5.171875 5.03505747281888 13.0203439336176
5.1875 5.05026912681531 13.0991355476772
5.203125 5.06548078081174 13.1781648438305
5.21875 5.08069243480817 13.2574318220776
5.234375 5.09590408880461 13.3369364824183
5.25 5.11111574280104 13.4166788248527
5.265625 5.12632739679747 13.4966588493808
5.28125 5.1415390507939 13.5768765560026
5.296875 5.15675070479033 13.6573319447181
5.3125 5.17196235878676 13.7380250155273
5.328125 5.1871740127832 13.8189557684302
5.34375 5.20238566677963 13.9001242034268
5.359375 5.21759732077606 13.9815303205171
5.375 5.23280897477249 14.0631741197011
5.390625 5.24802062876892 14.1450556009787
5.40625 5.26323228276535 14.2271747643501
5.421875 5.27844393676179 14.3095316098152
5.4375 5.29365559075822 14.3921261373739
5.453125 5.30886724475465 14.4749583470263
5.46875 5.32407889875108 14.5580282387725
5.484375 5.33929055274751 14.6413358126123
5.5 5.35450220674394 14.7248810685458
5.515625 5.36971386074038 14.8086640065731
5.53125 5.38492551473681 14.892684626694
5.546875 5.40013716873324 14.9769429289086
5.5625 5.41534882272967 15.0614389132169
5.578125 5.4305604767261 15.1461725796189
5.59375 5.44577213072253 15.2311439281146
5.609375 5.46098378471897 15.316352958704
5.625 5.4761954387154 15.4017996713871
5.640625 5.49140709271183 15.4874840661638
5.65625 5.50661874670826 15.5734061430343
5.671875 5.52183040070469 15.6595659019985
5.6875 5.53704205470112 15.7459633430563
5.703125 5.55225370869756 15.8325984662079
5.71875 5.56746536269399 15.9194712714531
5.734375 5.58267701669042 16.0065817587921
5.75 5.59788867068685 16.0939299282247
5.765625 5.61310032468328 16.181515779751
5.78125 5.62831197867971 16.269339313371
5.796875 5.64352363267615 16.3574005290848
5.8125 5.65873528667258 16.4456994268922
5.828125 5.67394694066901 16.5342360067933
5.84375 5.68915859466544 16.6230102687881
5.859375 5.70437024866187 16.7120222128766
5.875 5.7195819026583 16.8012718390588
5.890625 5.73479355665474 16.8907591473347
5.90625 5.75000521065117 16.9804841377042
5.921875 5.7652168646476 17.0704468101675
5.9375 5.78042851864403 17.1606471647245
5.953125 5.79564017264046 17.2510852013751
5.96875 5.81085182663689 17.3417609201195
5.984375 5.82606348063333 17.4326743209575
6 5.84127513462976 17.5238254038893
6.015625 5.85648678862619 17.6152141689147
6.03125 5.87169844262262 17.7068406160338
6.046875 5.88691009661905 17.7987047452467
6.0625 5.90212175061548 17.8908065565532
6.078125 5.91733340461192 17.9831460499534
6.09375 5.93254505860835 18.0757232254473
6.109375 5.94775671260478 18.1685380830349
6.125 5.96296836660121 18.2615906227162
6.140625 5.97818002059764 18.3548808444912
6.15625 5.99339167459407 18.4484087483599
6.171875 6.00860332859051 18.5421743343223
6.1875 6.02381498258694 18.6361776023783
6.203125 6.03902663658337 18.7304185525281
6.21875 6.0542382905798 18.8248971847716
6.234375 6.06944994457623 18.9196134991087
6.25 6.08466159857266 19.0145674955396
6.265625 6.0998732525691 19.1097591740641
6.28125 6.11508490656553 19.2051885346824
6.296875 6.13029656056196 19.3008555773943
6.3125 6.14550821455839 19.3967603021999
6.328125 6.16071986855482 19.4929027090992
6.34375 6.17593152255125 19.5892827980923
6.359375 6.19114317654769 19.685900569179
6.375 6.20635483054412 19.7827560223594
6.390625 6.22156648454055 19.8798491576335
