0 0
0.5 0.479425538604203
1 0.841470984807897
1.5 0.997494986604054
2 0.909297426825682
2.5 0.598472144103956
3 0.141120008059867
3.5 -0.35078322768962
4 -0.756802495307928
4.5 -0.977530117665097
5 -0.958924274663138
5.5 -0.705540325570392
6 -0.279415498198926
6.5 0.215119988087816
7 0.656986598718789


0 0 0.999642295307488 0
0.00714285714285714 0.00714024264692214 0.999617321092325 2.55009727790381E-05
0.0142857142857143 0.014280128519342 0.999542398446837 0.000102002616921501
0.0214285714285714 0.0214193008427571 0.999417527371023 0.000229501109843436
0.0285714285714286 0.0285574028426653 0.999242707864884 0.000407990080571587
0.0357142857142857 0.0356940777445642 0.99901793992842 0.000637460609743395
0.0428571428571429 0.0428289687739515 0.99874322356163 0.000917901229607
0.05 0.0499617191563248 0.998418558764515 0.00124929792402124
0.0571428571428571 0.0570919721171819 0.998043945537075 0.00163163412845565
0.0642857142857143 0.0642193708820204 0.997619383879309 0.00206489072999046
0.0714285714285714 0.0713435586763379 0.997144873791217 0.00254904606731661
0.0785714285714286 0.0784641787256322 0.996620415272801 0.00308407593073571
0.0857142857142857 0.085580874255401 0.996046008324058 0.0036699535621601
0.0928571428571429 0.0926932884911418 0.995421652944991 0.0043066496551128
0.1 0.0998010646583525 0.994747349135598 0.00499413235472753
0.107142857142857 0.106903845982531 0.994023096895879 0.00573236725774871
0.114285714285714 0.114001275689174 0.993248896225836 0.00652131741253146
0.121428571428571 0.12109299700378 0.992424747125466 0.00736094331904158
0.128571428571429 0.128178653151846 0.991550649594772 0.0082512029288556
0.135714285714286 0.135257887358871 0.990626603633752 0.00919205164516071
0.142857142857143 0.142330342850352 0.989652609242406 0.0101834423227548
0.15 0.149395662851786 0.988628666420736 0.0112253252680466
0.157142857142857 0.156453490588671 0.987554775168739 0.0123176482390552
0.164285714285714 0.163503469286505 0.986430935486418 0.0134603564454108
0.171428571428571 0.170545242170786 0.985257147373771 0.014653392548354
0.178571428571429 0.17757845246701 0.984033410830798 0.0158966966607362
0.185714285714286 0.184602743400677 0.9827597258575 0.0171902063470195
0.192857142857143 0.191617758197283 0.981436092453877 0.0185338566232767
0.2 0.198623140082327 0.980062510619928 0.0199275799571912
0.207142857142857 0.205618532281305 0.978638980355654 0.0213713062680574
0.214285714285714 0.212603578019716 0.977165501661055 0.02286496292678
0.221428571428571 0.219577920523058 0.97564207453613 0.0244084747558746
0.228571428571429 0.226541203016827 0.97406869898088 0.0260017640294675
0.235714285714286 0.233493068726522 0.972445374995304 0.0276447504732957
0.242857142857143 0.24043316087764 0.970772102579403 0.0293373512647069
0.25 0.247361122695679 0.969048881733176 0.0310794810326595
0.257142857142857 0.254276597406137 0.967275712456625 0.0328710518577224
0.264285714285714 0.261179228234511 0.965452594749747 0.0347119732720755
0.271428571428571 0.268068658406299 0.963579528612545 0.0366021522595092
0.278571428571429 0.274944531146999 0.961656514045016 0.0385414932554248
0.285714285714286 0.281806489682108 0.959683551047163 0.040529898146834
0.292857142857143 0.288654177237124 0.957660639618984 0.0425672662723594
0.3 0.295487237037545 0.95558777976048 0.0446534944222343
0.307142857142857 0.302305312308869 0.95346497147165 0.0467884768383027
0.314285714285714 0.309108046276592 0.951292214752495 0.0489721052140191
0.321428571428571 0.315895082166213 0.949069509603014 0.051204268694449
0.328571428571428 0.322666063203229 0.946796856023208 0.0534848538762683
0.335714285714285 0.329420632613139 0.944474254013077 0.0558137448077639
0.342857142857143 0.336158433621439 0.94210170357262 0.0581908229888331
0.35 0.342879109453628 0.939679204701838 0.0606159673709842
0.357142857142857 0.349582303335203 0.93720675740073 0.0630890543573359
0.364285714285714 0.356267658491661 0.934684361669297 0.0656099578026177
0.371428571428571 0.362934818148501 0.932112017507539 0.06817854901317
0.378571428571428 0.369583425531221 0.929489724915455 0.0707946967469436
0.385714285714285 0.376213123865317 0.926817483893046 0.0734582672135002
0.392857142857142 0.382823556376287 0.924095294440311 0.0761691240740121
0.4 0.38941436628963 0.921323156557251 0.0789271284412623
0.407142857142857 0.395985196830842 0.918501070243866 0.0817321388796446
0.414285714285714 0.402535691225422 0.915629035500155 0.0845840114051633
0.421428571428571 0.409065492698867 0.912707052326119 0.0874825994854336
0.428571428571428 0.415574244476676 0.909735120721757 0.0904277540396813
0.435714285714285 0.422061589784344 0.90671324068707 0.0934193234387429
0.442857142857142 0.428527171847371 0.903641412222058 0.0964571535050656
0.449999999999999 0.434970633891254 0.90051963532672 0.0995410875127074
0.457142857142856 0.44139161914149 0.897347910001057 0.102670966187337
0.464285714285714 0.447789770823577 0.894126236245068 0.105846627706233
0.471428571428571 0.454164732163014 0.890854614058754 0.109067907698286
0.478571428571428 0.460516146385297 0.887533043442114 0.112334639243997
0.485714285714285 0.466843656715924 0.88416152439515 0.115646652875477
0.492857142857142 0.473146906380393 0.880740056917859 0.119003776576448
0.499999999999999 0.479425538604202 0.877268641010244 0.122405835782243
0.507142857142856 0.485679211171338 0.87375339123789 0.125852653405803
0.514285714285713 0.491907640099746 0.870200422166387 0.129344050123646
0.521428571428571 0.49811055596586 0.866609733795734 0.132879844661841
0.528571428571428 0.504287689346115 0.862981326125932 0.136459853822002
0.535714285714285 0.510438770816947 0.85931519915698 0.140083892481287
0.542857142857142 0.516563530954788 0.855611352888878 0.143751773592403
0.549999999999999 0.522661700336075 0.851869787321626 0.147463308183602
0.557142857142856 0.528733009537242 0.848090502455225 0.15121830535868
0.564285714285713 0.534777189134723 0.844273498289674 0.155016572296982
0.57142857142857 0.540793969704954 0.840418774824973 0.158857914253397
0.578571428571428 0.546783081824368 0.836526332061122 0.16274213455836
0.585714285714285 0.5527442560694 0.832596169998122 0.166669034617854
0.592857142857142 0.558677223016486 0.828628288635972 0.170638413913404
0.599999999999999 0.564581713242059 0.824622687974673 0.174650070002086
0.607142857142856 0.570457457322554 0.820579368014223 0.178703798516517
0.614285714285713 0.576304185834407 0.816498328754624 0.182799393164863
0.62142857142857 0.582121629354051 0.812379570195875 0.186936645730836
0.628571428571427 0.587909518457921 0.808223092337976 0.191115346073693
0.635714285714284 0.593667583722453 0.804028895180928 0.195335282128237
0.642857142857142 0.59939555572408 0.79979697872473 0.199596239904816
0.649999999999999 0.605093165039237 0.795527342969382 0.203898003489327
0.657142857142856 0.610760142244358 0.791219987914885 0.20824035504321
0.664285714285713 0.61639621791588 0.786874913561237 0.212623074803452
0.67142857142857 0.622001122630235 0.78249211990844 0.217045941082587
0.678571428571427 0.62757458696386 0.778071606956494 0.221508730268692
0.685714285714284 0.633116341493187 0.773613374705397 0.226011216825393
0.692857142857141 0.638626116794653 0.769117423155151 0.230553173291862
0.699999999999999 0.644103643444691 0.764583752305755 0.235134370282814
0.707142857142856 0.649548652019737 0.760012362157209 0.239754576488512
0.714285714285713 0.654960873096225 0.755403252709514 0.244413558674766
0.72142857142857 0.660340037250589 0.750756423962669 0.249111081682929
0.728571428571427 0.665685875059265 0.746071875916674 0.253846908429903
0.735714285714284 0.670998117098687 0.74134960857153 0.258620799908135
0.742857142857141 0.676276493945289 0.736589621927235 0.263432515185616
0.749999999999998 0.681520736175506 0.731791915983791 0.268281811405885
0.757142857142855 0.686730574365773 0.726956490741198 0.273168443788028
0.764285714285713 0.691905739092525 0.722083346199454 0.278092165626674
0.77142857142857 0.697045960932196 0.717172482358561 0.283052728292
0.778571428571427 0.702150970461221 0.712223899218518 0.288049881229727
0.785714285714284 0.707220498256034 0.707237596779325 0.293083371961126
0.792857142857141 0.712254274893071 0.702213575040983 0.298152946083009
0.799999999999998 0.717252030948765 0.697151834003491 0.303258347267738
0.807142857142855 0.722213496999551 0.692052373666849 0.308399317263218
0.814285714285712 0.727138403621864 0.686915194031057 0.313575595892902
0.82142857142857 0.73202648139214 0.681740295096116 0.318786921055787
0.828571428571427 0.736877460886811 0.676527676862025 0.324033028726419
0.835714285714284 0.741691072682313 0.671277339328784 0.329313652954887
0.842857142857141 0.746467047355081 0.665989282496394 0.334628525866827
0.849999999999998 0.751205115481549 0.660663506364854 0.33997737766342
0.857142857142855 0.755905007638153 0.655300010934164 0.345359936621397
0.864285714285712 0.760566454401325 0.649898796204324 0.350775929093029
0.871428571428569 0.765189186347502 0.644459862175335 0.356225079506137
0.878571428571426 0.769772934053118 0.638983208847196 0.361707110364087
0.885714285714284 0.774317428094607 0.633468836219907 0.367221742245791
0.892857142857141 0.778822399048404 0.627916744293468 0.372768693805706
0.899999999999998 0.783287577490944 0.62232693306788 0.378347681773836
0.907142857142855 0.787712693998662 0.616699402543142 0.383958420955732
0.914285714285712 0.792097479147991 0.611034152719254 0.389600624232488
0.921428571428569 0.796441663515367 0.605331183596217 0.395274002560746
0.928571428571426 0.800744977677225 0.599590495174029 0.400978264972694
0.935714285714283 0.805007152209998 0.593812087452692 0.406713118576065
0.942857142857141 0.809227917690122 0.587995960432206 0.41247826855414
0.949999999999998 0.813407004694032 0.582142114112569 0.418273418165743
0.957142857142855 0.817544143798161 0.576250548493783 0.424098268745246
0.964285714285712 0.821639065578945 0.570321263575847 0.429952519702566
0.971428571428569 0.825691500612818 0.564354259358762 0.435835868523166
0.978571428571426 0.829701179476215 0.558349535842527 0.441748010768057
0.985714285714283 0.83366783274557 0.552307093027142 0.447688640073793
0.99285714285714 0.837591190997319 0.546226930912607 0.453657448152476
0.999999999999997 0.841470984807895 0.540109049498922 0.459654124791752
1.00714285714285 0.845306970306191 0.533964180818095 0.465678357900445
1.01428571428571 0.849099005830927 0.527803056902135 0.471729834010475
1.02142857142857 0.852846975273281 0.521625677751042 0.477808238778786
1.02857142857143 0.85655076252443 0.515432043364815 0.483913257032971
1.03571428571428 0.860210251475552 0.509222153743453 0.490044572771277
1.04285714285714 0.863825326017824 0.502996008886959 0.496201869162601
1.05 0.867395870042425 0.49675360879533 0.50238482854649
1.05714285714285 0.870921767440531 0.490494953468568 0.508593132433144
1.06428571428571 0.87440290210332 0.484220042906672 0.514826461503413
1.07142857142857 0.877839157921971 0.477928877109643 0.5210844956088
1.07857142857143 0.88123041878766 0.471621456077479 0.527366913771458
1.08571428571428 0.884576568591566 0.465297779810182 0.533673394184191
1.09285714285714 0.887877491224865 0.458957848307752 0.540003614210455
1.1 0.891133070578735 0.452601661570187 0.546357250384357
1.10714285714285 0.894343190544355 0.446229219597489 0.552733978410656
1.11428571428571 0.897507735012902 0.439840522389658 0.55913347316476
1.12142857142857 0.900626587875552 0.433435569946692 0.565555408692731
1.12857142857143 0.903699633023485 0.427014362268593 0.57199945821128
1.13571428571428 0.906726754347877 0.42057689935536 0.578465294107772
1.14285714285714 0.909707835739907 0.414123181206993 0.58495258794022
1.15 0.912642761090751 0.407653207823493 0.591461010437291
1.15714285714285 0.915531414291587 0.401166979204859 0.597990231498303
1.16428571428571 0.918373679233594 0.394664495351091 0.604539920193222
1.17142857142857 0.921169439807948 0.38814575626219 0.611109744762669
1.17857142857143 0.923918579905827 0.381610761938155 0.617699372617915
1.18571428571428 0.926620983418409 0.375059512378986 0.624308470340882
1.19285714285714 0.929276534236872 0.368492007584684 0.630936703684144
1.2 0.931885116252392 0.361908247555247 0.637583737570926
1.20714285714285 0.934446613356149 0.355308232290677 0.644249236095103
1.21428571428571 0.936960909439318 0.348691961790974 0.650932862521203
1.22142857142857 0.939427888393079 0.342059436056136 0.657634279284404
1.22857142857143 0.941847434108608 0.335410655086165 0.664353147990537
1.23571428571428 0.944219430477083 0.328745618881061 0.671089129416082
1.24285714285714 0.946543761389682 0.322064327440822 0.677841883508171
1.25 0.948820310737583 0.31536678076545 0.68461106938459
1.25714285714285 0.951048962411962 0.308652978854944 0.691396345333771
1.26428571428571 0.953229600303998 0.301922921709305 0.698197368814802
1.27142857142857 0.955362108304868 0.295176609328532 0.705013796457421
1.27857142857143 0.957446370305751 0.288414041712624 0.711845284062015
1.28571428571428 0.959482270197822 0.281635218861584 0.718691486599625
1.29285714285714 0.961469691872261 0.274840140775409 0.725552058211942
1.3 0.963408519220245 0.268028807454101 0.732426652211308
1.30714285714285 0.96529863613295 0.26120121889766 0.739314921080718
1.31428571428571 0.967139926501556 0.254357375106084 0.746216516473817
1.32142857142857 0.968932274217239 0.247497276079375 0.7531310892149
1.32857142857142 0.970675563171178 0.240620921817532 0.760058289298916
1.33571428571428 0.972369677254549 0.233728312320556 0.766997765891463
1.34285714285714 0.974014500358531 0.226819447588445 0.773949167328792
1.35 0.9756099163743 0.219894327621201 0.780912141117804
1.35714285714285 0.977155809193036 0.212952952418824 0.787886333936051
1.36428571428571 0.978652062705914 0.205995321981312 0.794871391631738
1.37142857142857 0.980098560804113 0.199021436308667 0.801866959223719
1.37857142857142 0.981495187378811 0.192031295400888 0.808872680901502
1.38571428571428 0.982841826321185 0.185024899257976 0.815888200025244
1.39285714285714 0.984138361522413 0.17800224787993 0.822913159125755
1.4 0.985384676873672 0.17096334126675 0.829947199904493
1.40714285714285 0.98658065626614 0.163908179418436 0.836989963233572
1.41428571428571 0.987726183590995 0.156836762334989 0.844041089155753
1.42142857142857 0.988821142739413 0.149749090016408 0.851100216884451
1.42857142857142 0.989865417602574 0.142645162462693 0.858166984803732
1.43571428571428 0.990858892071654 0.135524979673845 0.865241030468312
1.44285714285714 0.991801450037831 0.128388541649862 0.872321990603558
1.45 0.992692975392283 0.121235848390747 0.879409501105491
1.45714285714285 0.993533352026187 0.114066899896497 0.88650319704078
1.46428571428571 0.99432246383072 0.106881696167114 0.893602712646748
1.47142857142857 0.995060194697062 0.0996802372025968 0.900707681331366
1.47857142857142 0.995746428516388 0.0924625230029462 0.90781773567326
1.48571428571428 0.996381049179877 0.0852285535681618 0.914932507421705
1.49285714285714 0.996963940578707 0.0779783288982438 0.922051627496628
1.5 0.997494986604054 0.070711848993192 0.929174725988607
1.50714285714285 0.997974101437773 0.0634418359367418 0.936301432212962
1.51428571428571 0.998401320424418 0.0561810118126283 0.943431375304749
1.52142857142857 0.998776709199221 0.0489293766208517 0.950564184813758
1.52857142857142 0.999100333397412 0.0416869303614119 0.957699490758603
1.53571428571428 0.999372258654223 0.0344536730343088 0.964836923626718
1.54285714285714 0.999592550604884 0.0272296046395426 0.971976114374363
1.55 0.999761274884626 0.0200147251771132 0.979116694426619
1.55714285714285 0.999878497128681 0.0128090346470205 0.986258295677392
1.56428571428571 0.99994428297228 0.0056125330492647 0.993400550489409
1.57142857142857 0.999958698050653 -0.00157477961615434 1.00054309169422
1.57857142857142 0.999921807999031 -0.00875290334923658 1.0076855525922
1.58571428571428 0.999833678452645 -0.015921838149982 1.01482756695255
1.59285714285714 0.999694375046727 -0.0230815840183907 1.02196876901329
1.6 0.999503963416507 -0.0302321409544625 1.02910879348126
1.60714285714285 0.999262509197216 -0.0373735089581975 1.03624727553212
1.61428571428571 0.998970078024086 -0.0445056880295958 1.04338385081038
1.62142857142857 0.998626735532347 -0.0516286781686572 1.05051815542933
1.62857142857142 0.99823254735723 -0.0587424793753818 1.05764982597112
1.63571428571428 0.997787579133966 -0.0658470916497697 1.0647784994867
1.64285714285714 0.997291896497786 -0.0729425149918207 1.07190381349586
1.65 0.996745565083922 -0.080028749401535 1.07902540598719
1.65714285714285 0.996148650527603 -0.0871057948789124 1.08614291541814
1.66428571428571 0.995501218464062 -0.094173651423953 1.09325598071495
1.67142857142857 0.994803334528529 -0.101232319036657 1.1003642412727
1.67857142857142 0.994055064356234 -0.108281797717024 1.10746733695527
1.68571428571428 0.99325647358241 -0.115322087465054 1.1145649080954
1.69285714285714 0.992407627842287 -0.122353188280748 1.12165659549463
1.7 0.991508592771095 -0.129375100164104 1.12874204042331
1.70714285714285 0.990559434004067 -0.136387823115124 1.13582088462065
1.71428571428571 0.989560217176432 -0.143391357133807 1.14289277029465
1.72142857142857 0.988511007923423 -0.150385702220153 1.14995734012216
1.72857142857142 0.987411871880269 -0.157370858374163 1.15701423724882
1.73571428571428 0.986262874682202 -0.164346825595835 1.16406310528913
1.74285714285714 0.985064081964453 -0.171313603885171 1.17110358832638
1.74999999999999 0.983815559362253 -0.17827119324217 1.1781353309127
1.75714285714285 0.982517372510833 -0.185219593666833 1.18515797806906
1.76428571428571 0.981169587045423 -0.192158805159158 1.19217117528521
1.77142857142857 0.979772268601255 -0.199088827719147 1.19917456851975
1.77857142857142 0.97832548281356 -0.206009661346799 1.20616780420012
1.78571428571428 0.976829295317568 -0.212921306042114 1.21315052922255
1.79285714285714 0.975283771748511 -0.219823761805092 1.2201223909521
1.79999999999999 0.97368897774162 -0.226717028635733 1.22708303722267
1.80714285714285 0.972044978932126 -0.233601106534038 1.23403211633698
1.81428571428571 0.970351840955259 -0.240475995500006 1.24096927706654
1.82142857142857 0.96860962944625 -0.247341695533637 1.24789416865174
1.82857142857142 0.966818410040331 -0.254198206634931 1.25480644080174
1.83571428571428 0.964978248372733 -0.261045528803889 1.26170574369455
1.84285714285714 0.963089210078686 -0.267883662040509 1.268591727977
1.84999999999999 0.961151360793421 -0.274712606344793 1.27546404476474
1.85714285714285 0.959164766152171 -0.28153236171674 1.28232234564225
1.86428571428571 0.957129491790164 -0.28834292815635 1.28916628266282
1.87142857142857 0.955045603342633 -0.295144305663624 1.29599550834857
1.87857142857142 0.952913166444809 -0.301936494238561 1.30280967569045
1.88571428571428 0.950732246731921 -0.30871949388116 1.30960843814822
1.89285714285714 0.948502909839202 -0.315493304591423 1.31639144965048
1.89999999999999 0.946225221401883 -0.32225792636935 1.32315836459463
1.90714285714285 0.943899247055193 -0.329013359214939 1.32990883784691
1.91428571428571 0.941525052434365 -0.335759603128192 1.33664252474238
1.92142857142857 0.93910270317463 -0.342496658109108 1.34335908108493
1.92857142857142 0.936632264911217 -0.349224524157687 1.35005816314725
1.93571428571428 0.934113803279359 -0.355943201273929 1.35673942767088
1.94285714285714 0.931547383914285 -0.362652689457834 1.36340253186616
1.94999999999999 0.928933072451228 -0.369352988709403 1.37004713341228
1.95714285714285 0.926270934525419 -0.376044099028635 1.37667289045722
1.96428571428571 0.923561035772087 -0.38272602041553 1.38327946161781
1.97142857142857 0.920803441826464 -0.389398752870088 1.3898665059797
1.97857142857142 0.917998218323782 -0.39606229639231 1.39643368309734
1.98571428571428 0.91514543089927 -0.402716650982194 1.40298065299403
1.99285714285714 0.912245145188161 -0.409361816639742 1.40950707616188
1.99999999999999 0.909297426825684 -0.415997793364953 1.41601261356183
2.00714285714285 0.906302369058314 -0.422612984436045 1.42249692667295
2.01428571428571 0.903260175577493 -0.429195793131232 1.42895967803478
2.02142857142857 0.900171077685906 -0.435746219450515 1.43540053178974
2.02857142857142 0.897035306686238 -0.442264263393895 1.44181915373242
2.03571428571428 0.893853093881174 -0.448749924961371 1.44821521130953
2.04285714285714 0.890624670573399 -0.455203204152944 1.45458837362
2.04999999999999 0.887350268065598 -0.461624100968612 1.46093831141487
2.05714285714285 0.884030117660456 -0.468012615408378 1.46726469709737
2.06428571428571 0.880664450660659 -0.474368747472239 1.47356720472289
2.07142857142857 0.877253498368891 -0.480692497160197 1.47984550999897
2.07857142857142 0.873797492087837 -0.486983864472251 1.48609929028533
2.08571428571428 0.870296663120182 -0.493242849408401 1.49232822459383
2.09285714285714 0.866751242768612 -0.499469451968648 1.49853199358851
2.09999999999999 0.863161462335811 -0.505663672152991 1.50471027958557
2.10714285714285 0.859527553124464 -0.51182550996143 1.51086276655336
2.11428571428571 0.855849746437257 -0.517954965393966 1.5169891401124
2.12142857142857 0.852128273576874 -0.524052038450598 1.52308908753538
2.12857142857142 0.848363365846001 -0.530116729131327 1.52916229774714
2.13571428571428 0.844555254547322 -0.536149037436151 1.53520846132469
2.14285714285714 0.840704170983522 -0.542148963365072 1.54122727049719
2.14999999999999 0.836810346457287 -0.54811650691809 1.54721841914597
2.15714285714285 0.832874012271302 -0.554051668095203 1.55318160280453
2.16428571428571 0.828895399728251 -0.559954446896413 1.55911651865852
2.17142857142857 0.824874740130819 -0.56582484332172 1.56502286554576
2.17857142857142 0.820812264781693 -0.571662857371122 1.57090034395622
2.18571428571428 0.816708204983556 -0.577468489044621 1.57674865603204
2.19285714285714 0.812562792039093 -0.583241738342216 1.58256750556754
2.19999999999999 0.80837625725099 -0.588982605263908 1.58835659800916
2.20714285714285 0.804148831921932 -0.594691089809696 1.59411564045555
2.21428571428571 0.799880747354604 -0.60036719197958 1.59984434165748
2.22142857142856 0.79557223485169 -0.606010911773561 1.60554241201791
2.22857142857142 0.791223525715877 -0.611622249191638 1.61120956359195
2.23571428571428 0.786834851249848 -0.617201204233811 1.61684551008688
2.24285714285714 0.782406442756289 -0.62274777690008 1.62244996686212
2.24999999999999 0.777938531537885 -0.628261967190446 1.62802265092929
2.25714285714285 0.77343134889732 -0.633743775104908 1.63356328095213
2.26428571428571 0.768885126137281 -0.639193200643467 1.63907157724658
2.27142857142856 0.764300094560451 -0.644610243806122 1.64454726178072
2.27857142857142 0.759676485469517 -0.649994904592873 1.6499900581748
2.28571428571428 0.755014530167163 -0.65534718300372 1.65539969170121
2.29285714285714 0.750314459956073 -0.660667079038664 1.66077588928454
2.29999999999999 0.745576506138934 -0.665954592697704 1.66611837950152
2.30714285714285 0.74080090001843 -0.671209723980841 1.67142689258104
2.31428571428571 0.735987872897245 -0.676432472888073 1.67670116040417
2.32142857142856 0.731137656078067 -0.681622839419402 1.6819409165041
2.32857142857142 0.726250480863578 -0.686780823574828 1.68714589606624
2.33571428571428 0.721326578556464 -0.69190642535435 1.69231583592813
2.34285714285714 0.716366180459411 -0.696999644757968 1.69745047457946
2.34999999999999 0.711369517875102 -0.702060481785682 1.7025495521621
2.35714285714285 0.706336822106224 -0.707088936437493 1.70761281047009
2.36428571428571 0.701268324455462 -0.7120850087134 1.71263999294961
2.37142857142856 0.696164256225499 -0.717048698613403 1.71763084469903
2.37857142857142 0.691024848719022 -0.721980006137503 1.72258511246884
2.38571428571428 0.685850333238716 -0.726878931285699 1.72750254466174
2.39285714285714 0.680640941087265 -0.731745474057991 1.73238289133256
2.39999999999999 0.675396903567354 -0.73657963445438 1.7372259041883
2.40714285714285 0.670118451981669 -0.741381412474865 1.74203133658813
2.41428571428571 0.664805817632894 -0.746150808119446 1.74679894354336
2.42142857142856 0.659459231823714 -0.750887821388124 1.7515284817175
2.42857142857142 0.654078925856816 -0.755592452280898 1.75621970942618
2.43571428571428 0.648665131034882 -0.760264700797768 1.76087238663723
2.44285714285714 0.6432180786606 -0.764904566938734 1.76548627497061
2.44999999999999 0.637738000036653 -0.769512050703797 1.77006113769845
2.45714285714285 0.632225126465726 -0.774087152092956 1.77459673974507
2.46428571428571 0.626679689250505 -0.778629871106212 1.77909284768691
2.47142857142856 0.621101919693675 -0.783140207743564 1.78354922975259
2.47857142857142 0.615492049097921 -0.787618162005012 1.78796565582291
2.48571428571428 0.609850308765927 -0.792063733890557 1.79234189743081
2.49285714285714 0.60417693000038 -0.796476923400197 1.79667772776139
2.49999999999999 0.598472144103963 -0.800857730533935 1.80097292165193
2.50714285714285 0.592736200556343 -0.805198520959384 1.80522725562432
2.51428571428571 0.586969421545116 -0.809491660344163 1.80944050824211
2.52142857142856 0.581172147434857 -0.81373714868827 1.81361246046758
2.52857142857142 0.575344718590142 -0.817934985991705 1.81774289569419
2.53571428571428 0.569487475375548 -0.82208517225447 1.82183159974656
2.54285714285714 0.563600758155651 -0.826187707476563 1.8258783608805
2.54999999999999 0.557684907295028 -0.830242591657985 1.82988296978297
2.55714285714285 0.551740263158253 -0.834249824798735 1.83384521957215
2.56428571428571 0.545767166109904 -0.838209406898814 1.83776490579735
2.57142857142856 0.539765956514557 -0.842121337958222 1.84164182643908
2.57857142857142 0.533736974736789 -0.845985617976958 1.84547578190903
2.58571428571428 0.527680561141174 -0.849802246955023 1.84926657505004
2.59285714285713 0.52159705609229 -0.853571224892417 1.85301401113616
2.59999999999999 0.515486799954713 -0.85729255178914 1.85671789787258
2.60714285714285 0.509350133093018 -0.860966227645191 1.86037804539569
2.61428571428571 0.503187395871783 -0.864592252460571 1.86399426627305
2.62142857142856 0.496998928655583 -0.868170626235279 1.86756637550339
2.62857142857142 0.490785071808995 -0.871701348969317 1.87109419051663
2.63571428571428 0.484546165696594 -0.875184420662683 1.87457753117384
2.64285714285713 0.478282550682958 -0.878619841315377 1.87801621976729
2.64999999999999 0.471994567132662 -0.8820076109274 1.88141008102042
2.65714285714285 0.465682555410283 -0.885347729498752 1.88475894208783
2.66428571428571 0.459346855880396 -0.888640197029433 1.88806263255531
2.67142857142856 0.452987808907578 -0.891885013519442 1.89132098443982
2.67857142857142 0.446605754856406 -0.89508217896878 1.89453383218951
2.68571428571428 0.440201034091454 -0.898231693377447 1.89770101268369
2.69285714285713 0.433773986977301 -0.901333556745442 1.90082236523285
2.69999999999999 0.427324953878521 -0.904387769072766 1.90389773157864
2.70714285714285 0.420854275159691 -0.907394330359419 1.90692695589392
2.71428571428571 0.414362291185388 -0.9103532406054 1.9099098847827
2.72142857142856 0.407849342320187 -0.91326449981071 1.91284636728016
2.72857142857142 0.401315768928665 -0.916128107975349 1.91573625485268
2.73571428571428 0.394761911375398 -0.918944065099316 1.91857940139781
2.74285714285713 0.388188110024963 -0.921712371182612 1.92137566324424
2.74999999999999 0.381594705241934 -0.924433026225237 1.92412489915189
2.75714285714285 0.374982037390889 -0.92710603022719 1.92682697031182
2.76428571428571 0.368350446836405 -0.929731383188472 1.92948174034628
2.77142857142856 0.361700273943056 -0.932309085109083 1.93208907530868
2.77857142857142 0.355031859075419 -0.934839135989023 1.93464884368362
2.78571428571428 0.348345542598071 -0.937321535828291 1.93716091638688
2.79285714285713 0.341641664875588 -0.939756284626888 1.93962516676539
2.79999999999999 0.334920566272546 -0.942143382384813 1.94204147059729
2.80714285714285 0.328182587153521 -0.944482829102067 1.94440970609187
2.81428571428571 0.32142806788309 -0.94677462477865 1.9467297538896
2.82142857142856 0.314657348825828 -0.949018769414562 1.94900149706213
2.82857142857142 0.307870770346312 -0.951215263009802 1.9512248211123
2.83571428571428 0.301068672809118 -0.953364105564371 1.95339961397409
2.84285714285713 0.294251396578822 -0.955465297078268 1.95552576601268
2.84999999999999 0.287419282020001 -0.957518837551494 1.95760317002443
2.85714285714285 0.280572669497231 -0.959524726984049 1.95963172123686
2.86428571428571 0.273711899375088 -0.961482965375933 1.96161131730868
2.87142857142856 0.266837312018148 -0.963393552727145 1.96354185832976
2.87857142857142 0.259949247790988 -0.965256489037686 1.96542324682115
2.88571428571428 0.253048047058183 -0.967071774307556 1.96725538773509
2.89285714285713 0.24613405018431 -0.968839408536754 1.96903818845498
2.89999999999999 0.239207597533945 -0.970559391725281 1.9707715587954
2.90714285714285 0.232269029471665 -0.972231723873137 1.9724554110021
2.91428571428571 0.225318686362045 -0.973856404980321 1.97408965975202
2.92142857142856 0.218356908569662 -0.975433435046834 1.97567422215327
2.92857142857142 0.211384036459092 -0.976962814072676 1.97720901774512
2.93571428571428 0.204400410394911 -0.978444542057846 1.97869396849803
2.94285714285713 0.197406370741695 -0.979878619002345 1.98012899881364
2.94999999999999 0.190402257864022 -0.981265044906173 1.98151403552476
2.95714285714285 0.183388412126466 -0.982603819769329 1.98284900789537
2.96428571428571 0.176365173893605 -0.983894943591814 1.98413384762063
2.97142857142856 0.169332883530013 -0.985138416373628 1.98536848882687
2.97857142857142 0.162291881400269 -0.986334238114771 1.98655286807161
2.98571428571428 0.155242507868947 -0.987482408815242 1.98768692434354
2.99285714285713 0.148185103300624 -0.988582928475041 1.98877059906251
2.99999999999999 0.141120008059876 -0.98963579709417 1.98980383607956
3.00714285714285 0.134047566783609 -0.990639220294563 1.99078658168454
3.0142857142857 0.126968141198042 -0.991591403698156 1.99171878469002
3.02142857142856 0.119882097301723 -0.99249234730495 1.99260039651521
3.02857142857142 0.112789801093202 -0.993342051114945 1.99343137119359
3.03571428571428 0.105691618571026 -0.99414051512814 1.99421166537293
3.04285714285713 0.0985879157337444 -0.994887739344535 1.99494123831528
3.04999999999999 0.0914790585799059 -0.995583723764131 1.99562005189695
3.05714285714285 0.0843654131080588 -0.996228468386927 1.99624807060852
3.0642857142857 0.0772473453167517 -0.996821973212924 1.99682526155487
3.07142857142856 0.0701252212045333 -0.997364238242122 1.99735159445514
3.07857142857142 0.0629994067699519 -0.997855263474519 1.99782704164274
3.08571428571428 0.0558702680115564 -0.998295048910118 1.99825157806537
3.09285714285713 0.0487381709278951 -0.998683594548917 1.99862518128499
3.09999999999999 0.0416034815175166 -0.999020900390916 1.99894783147785
3.10714285714285 0.0344665657789697 -0.999306966436115 1.99921951143446
3.1142857142857 0.0273277897108027 -0.999541792684516 1.99944020655962
3.12142857142856 0.0201875193115642 -0.999725379136116 1.9996099048724
3.12857142857142 0.013046120579803 -0.999857725790917 1.99972859700613
3.13571428571428 0.00590395951406739 -0.999938832648919 1.99979627620845
3.14285714285713 -0.00123859788709394 -0.999968699710121 1.99981293834125
3.14999999999999 -0.00838118562513241 -0.999947326974524 1.99977858188069
3.15714285714285 -0.0155234377014995 -0.999874714442127 1.99969320791723
3.1642857142857 -0.0226649881176465 -0.999750862112931 1.99955682015558
3.17142857142856 -0.0298054708750251 -0.999575769986935 1.99936942491474
3.17857142857142 -0.0369445199750865 -0.999349438064139 1.99913103112798
3.18571428571428 -0.0440817694192823 -0.999071866344544 1.99884165034284
3.19285714285713 -0.0512168532090638 -0.99874305482815 1.99850129672116
3.19999999999999 -0.0583494053458824 -0.998363003514956 1.99810998703903
3.20714285714285 -0.0654790598311897 -0.997931712404962 1.99766774068682
3.2142857142857 -0.0726054506664371 -0.997449181498169 1.99717457966918
3.22142857142856 -0.0797282118530759 -0.996915410794576 1.99663052860504
3.22857142857142 -0.0868469773925577 -0.996330400294184 1.99603561472758
3.23571428571428 -0.0939613812863337 -0.995694149996993 1.9953898678843
3.24285714285713 -0.101071057535856 -0.995006659903001 1.99469332053693
3.24999999999999 -0.108175640142575 -0.994267930012211 1.99394600776151
3.25714285714285 -0.115274763107942 -0.99347796032462 1.99314796724833
3.2642857142857 -0.12236806043341 -0.992636750840231 1.99229923930196
3.27142857142856 -0.129455166120429 -0.991744301559042 1.99139986684127
3.27857142857142 -0.136535714170452 -0.990800612481053 1.99044989539938
3.28571428571428 -0.143609338584928 -0.989805683606265 1.98944937312369
3.29285714285713 -0.150675673365311 -0.988759514934677 1.98839835077587
3.29999999999999 -0.15773435251305 -0.987662106466289 1.98729688173188
3.30714285714285 -0.164785010029599 -0.986513458201102 1.98614502198195
3.3142857142857 -0.171827279916407 -0.985313570139116 1.98494283013057
3.32142857142856 -0.178860796174927 -0.98406244228033 1.98369036739654
3.32857142857142 -0.18588519280661 -0.982760074624745 1.9823876976129
3.33571428571428 -0.192900103812907 -0.98140646717236 1.98103488722698
3.34285714285713 -0.19990516319527 -0.980001619923175 1.97963200530039
3.34999999999999 -0.20690000495515 -0.978545532877191 1.97817912350901
3.35714285714285 -0.213884263093999 -0.977038206034408 1.97667631614299
3.3642857142857 -0.220857571613268 -0.975479639394825 1.97512366010676
3.37142857142856 -0.227819564514409 -0.973869832958443 1.97352123491903
3.37857142857142 -0.234769875798873 -0.97220878672526 1.97186912271278
3.38571428571428 -0.241708139468111 -0.970496500695279 1.97016740823527
3.39285714285713 -0.248633989523575 -0.968732974868498 1.96841617884803
3.39999999999999 -0.255547059966716 -0.966918209244917 1.96661552452687
3.40714285714285 -0.262446984798986 -0.965052203824537 1.96476553786187
3.4142857142857 -0.269333398021836 -0.963134958607357 1.96286631405738
3.42142857142856 -0.276205933636718 -0.961166473593378 1.96091795093205
3.42857142857142 -0.283064225645082 -0.959146748782599 1.95892054891878
3.43571428571427 -0.289907908048382 -0.957075784175021 1.95687421106475
3.44285714285713 -0.296736614848066 -0.954953579770643 1.95477904303143
3.44999999999999 -0.303549980045589 -0.952780135569466 1.95263515309455
3.45714285714285 -0.3103476376424 -0.950555451571489 1.95044265214412
3.4642857142857 -0.317129221639951 -0.948279527776713 1.94820165368442
3.47142857142856 -0.323894366039694 -0.945952364185137 1.94591227383402
3.47857142857142 -0.33064270484308 -0.943573960796762 1.94357463132575
3.48571428571427 -0.33737387205156 -0.941144317611587 1.94118884750672
3.49285714285713 -0.344087501666586 -0.938663434629613 1.93875504633833
3.49999999999999 -0.350783227689609 -0.936131311850839 1.93627335439623
3.50714285714285 -0.357460694725655 -0.933552402775963 1.93374390085142
3.5142857142857 -0.364119589794039 -0.930931160905683 1.93116681726197
3.52142857142856 -0.370759610517652 -0.92826758624 1.92854223736471
3.52857142857142 -0.377380454519383 -0.925561678778913 1.9258702970563
3.53571428571427 -0.383981819422123 -0.922813438522422 1.92315113439324
3.54285714285713 -0.390563402848762 -0.920022865470527 1.92038488959188
3.54999999999999 -0.397124902422189 -0.917189959623229 1.91757170502838
3.55714285714285 -0.403666015765295 -0.914314720980526 1.91471172523878
3.5642857142857 -0.41018644050097 -0.91139714954242 1.9118050969189
3.57142857142856 -0.416685874252103 -0.90843724530891 1.90885196892444
3.57857142857142 -0.423164014641584 -0.905435008279996 1.90585249227092
3.58571428571427 -0.429620559292304 -0.902390438455678 1.9028068201337
3.59285714285713 -0.436055205827152 -0.899303535835956 1.89971510784797
3.59999999999999 -0.442467651869019 -0.896174300420831 1.89657751290877
3.60714285714285 -0.448857595040794 -0.893002732210301 1.89339419497096
3.6142857142857 -0.455224732965367 -0.889788831204368 1.89016531584925
3.62142857142856 -0.461568763265629 -0.886532597403031 1.88689103951818
3.62857142857142 -0.467889383564469 -0.88323403080629 1.88357153211213
3.63571428571427 -0.474186291484778 -0.879893131414145 1.88020696192531
3.64285714285713 -0.480459184649444 -0.876509899226597 1.87679749941176
3.64999999999999 -0.486707760681359 -0.873084334243644 1.87334331718539
3.65714285714285 -0.492931717203412 -0.869616436465288 1.86984459001991
3.6642857142857 -0.499130751838493 -0.866106205891528 1.86630149484888
3.67142857142856 -0.505304562209492 -0.862553642522364 1.8627142107657
3.67857142857142 -0.5114528459393 -0.858958746357796 1.85908291902361
3.68571428571427 -0.517575300650805 -0.855321517397825 1.85540780303566
3.69285714285713 -0.523671623966898 -0.851641955642449 1.85168904837478
3.69999999999999 -0.52974151351047 -0.84792006109167 1.84792684277369
3.70714285714285 -0.535784666904409 -0.844155833745487 1.84412137612498
3.7142857142857 -0.541800781771607 -0.8403492736039 1.84027284048107
3.72142857142856 -0.547789555734952 -0.836500380666909 1.83638143005421
3.72857142857142 -0.553750686417335 -0.832609154934515 1.83244734121648
3.73571428571427 -0.559683871441647 -0.828675596406716 1.82847077249981
3.74285714285713 -0.565588808430776 -0.824699705083514 1.82445192459597
3.74999999999999 -0.571465195007612 -0.820681480964908 1.82039100035654
3.75714285714285 -0.577312728795047 -0.816620924050898 1.81628820479298
3.7642857142857 -0.58313110741597 -0.812518034341484 1.81214374507653
3.77142857142856 -0.58892002849327 -0.808372811836666 1.80795783053833
3.77857142857142 -0.594679189649838 -0.804185256536445 1.8037306726693
3.78571428571427 -0.600408288508563 -0.799955368440819 1.79946248512023
3.79285714285713 -0.606107022692336 -0.79568314754979 1.79515348370174
3.79999999999999 -0.611775089824047 -0.791368593863357 1.79080388638427
3.80714285714284 -0.617412187526586 -0.78701170738152 1.78641391329813
3.8142857142857 -0.623018013422842 -0.782612488104279 1.78198378673343
3.82142857142856 -0.628592265135705 -0.778170936031635 1.77751373114014
3.82857142857142 -0.634134640288066 -0.773687051163586 1.77300397312807
3.83571428571427 -0.639644836502815 -0.769160833500134 1.76845474146683
3.84285714285713 -0.645122551402841 -0.764592283041278 1.76386626708592
3.84999999999999 -0.650567482611035 -0.759981399787018 1.75923878307463
3.85714285714284 -0.655979327750286 -0.755328183737355 1.75457252468212
3.8642857142857 -0.661357784443484 -0.750632634892287 1.74986772931735
3.87142857142856 -0.66670255031352 -0.745894753251816 1.74512463654917
3.87857142857142 -0.672013322983283 -0.74111453881594 1.74034348810621
3.88571428571427 -0.677289800075663 -0.736291991584661 1.73552452787697
3.89285714285713 -0.682531679213551 -0.731427111557978 1.73066800190978
3.89999999999999 -0.687738658019836 -0.726519898735891 1.72577415841281
3.90714285714284 -0.692910434117408 -0.721570353118401 1.72084324775404
3.9142857142857 -0.698046705129157 -0.716578474705506 1.71587552246133
3.92142857142856 -0.703147168677973 -0.711544263497208 1.71087123722235
3.92857142857142 -0.708211522386747 -0.706467719493506 1.7058306488846
3.93571428571427 -0.713239463878368 -0.7013488426944 1.70075401645544
3.94285714285713 -0.718230690775726 -0.69618763309989 1.69564160110204
3.94999999999999 -0.72318490070171 -0.690984090709976 1.69049366615143
3.95714285714284 -0.728101791279212 -0.685738215524659 1.68531047709046
3.9642857142857 -0.732981060131121 -0.680450007543937 1.68009230156583
3.97142857142856 -0.737822404880327 -0.675119466767812 1.67483940938407
3.97857142857142 -0.74262552314972 -0.669746593196283 1.66955207251154
3.98571428571427 -0.74739011256219 -0.66433138682935 1.66423056507445
3.99285714285713 -0.752115870740626 -0.658873847667014 1.65887516335883
3.99999999999999 -0.75680249530792 -0.653373975709273 1.65348614581056
4.00714285714284 -0.761449707049343 -0.647841499156756 1.648063792994
4.0142857142857 -0.766057319399697 -0.642286146210091 1.64260838713698
4.02142857142856 -0.770625168956168 -0.636707916869278 1.63712021167589
4.02857142857142 -0.775153092315939 -0.631106811134316 1.63159955121426
4.03571428571427 -0.779640926076196 -0.625482829005207 1.6260466915228
4.04285714285713 -0.784088506834122 -0.619835970481948 1.62046191953937
4.04999999999999 -0.788495671186904 -0.614166235564542 1.614845523369
4.05714285714284 -0.792862255731725 -0.608473624252987 1.60919779228386
4.0642857142857 -0.79718809706577 -0.602758136547284 1.60351901672333
4.07142857142856 -0.801473031786224 -0.597019772447433 1.59780948829391
4.07857142857142 -0.805716896490271 -0.591258531953434 1.59206949976928
4.08571428571427 -0.809919527775096 -0.585474415065286 1.58629934509028
4.09285714285713 -0.814080762237884 -0.57966742178299 1.58049931936493
4.09999999999999 -0.81820043647582 -0.573837552106545 1.57466971886837
4.10714285714284 -0.822278387086087 -0.567984806035953 1.56881084104296
4.1142857142857 -0.826314450665871 -0.562109183571212 1.56292298449817
4.12142857142856 -0.830308463812356 -0.556210684712323 1.55700644901067
4.12857142857142 -0.834260263122728 -0.550289309459285 1.55106153552427
4.13571428571427 -0.83816968519417 -0.544345057812099 1.54508854614996
4.14285714285713 -0.842036566623867 -0.538377929770765 1.53908778416588
4.14999999999999 -0.845860744009004 -0.532387925335283 1.53305955401734
4.15714285714284 -0.849642053946766 -0.526375044505652 1.52700416131682
4.1642857142857 -0.853380333034336 -0.520339287281873 1.52092191284394
4.17142857142856 -0.857075417868902 -0.514280653663946 1.5148131165455
4.17857142857142 -0.860727145047645 -0.50819914365187 1.50867808153547
4.18571428571427 -0.864335351167752 -0.502094757245646 1.50251711809496
4.19285714285713 -0.867899872826406 -0.495967494445274 1.49633053767226
4.19999999999999 -0.871420546620793 -0.489817355250754 1.49011865288283
4.20714285714284 -0.874897209148098 -0.483644339662085 1.48388177750927
4.2142857142857 -0.878329697005504 -0.477448447679268 1.47762022650136
4.22142857142856 -0.881717846790196 -0.471229679302303 1.47133431597603
4.22857142857142 -0.88506149509936 -0.464988034531189 1.46502436321739
4.23571428571427 -0.88836047853018 -0.458723513365927 1.4586906866767
4.24285714285713 -0.89161463367984 -0.452436115806517 1.45233360597239
4.24999999999999 -0.894823797145525 -0.446125841852958 1.44595344189005
4.25714285714284 -0.897987805524419 -0.439792691505252 1.43955051638242
4.2642857142857 -0.901106495413709 -0.433436664763397 1.43312515256944
4.27142857142856 -0.904179703410577 -0.427057761627393 1.42667767473816
4.27857142857142 -0.907207266112209 -0.420655982097242 1.42020840834285
4.28571428571427 -0.91018902011579 -0.414231326172942 1.41371768000489
4.29285714285713 -0.913124802018503 -0.407783793854494 1.40720581751286
4.29999999999999 -0.916014448417534 -0.401313385141897 1.40067314982249
4.30714285714284 -0.918857795910068 -0.394820100035152 1.39412000705667
4.3142857142857 -0.921654681093289 -0.388303938534259 1.38754672050546
4.32142857142856 -0.924404940564381 -0.381764900639218 1.38095362262608
4.32857142857141 -0.92710841092053 -0.375202986350028 1.37434104704291
4.33571428571427 -0.929764928758919 -0.36861819566669 1.3677093285475
4.34285714285713 -0.932374330676734 -0.362010528589204 1.36105880309855
4.34999999999999 -0.93493645327116 -0.35537998511757 1.35438980782193
4.35714285714284 -0.93745113313938 -0.348726565251787 1.34770268101069
4.3642857142857 -0.93991820687858 -0.342050268991856 1.34099776212501
4.37142857142856 -0.942337511085944 -0.335351096337776 1.33427539179226
4.37857142857141 -0.944708882358657 -0.328629047289549 1.32753591180696
4.38571428571427 -0.947032157293904 -0.321884121847173 1.3207796651308
4.39285714285713 -0.949307172488869 -0.315116320010649 1.31400699589262
4.39999999999999 -0.951533764540737 -0.308325641779976 1.30721824938844
4.40714285714284 -0.953711770046692 -0.301512087155155 1.30041377208144
4.4142857142857 -0.95584102560392 -0.294675656136186 1.29359391160194
4.42142857142856 -0.957921367809604 -0.287816348723069 1.28675901674745
4.42857142857141 -0.95995263326093 -0.280934164915803 1.27990943748265
4.43571428571427 -0.961934658555082 -0.274029104714389 1.27304552493934
4.44285714285713 -0.963867280289245 -0.267101168118827 1.26616763141653
4.44999999999999 -0.965750335060603 -0.260150355129116 1.25927611038036
4.45714285714284 -0.967583659466341 -0.253176665745257 1.25237131646415
4.4642857142857 -0.969367090103644 -0.24618009996725 1.24545360546838
4.47142857142856 -0.971100463569697 -0.239160657795095 1.2385233343607
4.47857142857141 -0.972783616461683 -0.232118339228791 1.2315808612759
4.48571428571427 -0.974416385376789 -0.225053144268339 1.22462654551595
4.49285714285713 -0.975998606912197 -0.217965072913739 1.21766074754999
4.49999999999999 -0.977530117665094 -0.21085412516499 1.21068382901431
4.50714285714284 -0.979010783241534 -0.203732484747903 1.20369615266056
4.5142857142857 -0.980440585283058 -0.196612335388287 1.19669808178594
4.52142857142856 -0.981819534440075 -0.189493677086143 1.18968997966338
4.52857142857141 -0.983147641362997 -0.18237650984147 1.18267220948973
4.53571428571427 -0.984424916702233 -0.175260833654268 1.17564513438577
4.54285714285713 -0.985651371108195 -0.168146648524537 1.16860911739621
4.54999999999999 -0.986827015231292 -0.161033954452278 1.16156452148966
4.55714285714284 -0.987951859721935 -0.15392275143749 1.1545117095587
4.5642857142857 -0.989025915230536 -0.146813039480173 1.14745104441978
4.57142857142856 -0.990049192407503 -0.139704818580328 1.14038288881333
4.57857142857141 -0.991021701903249 -0.132598088737954 1.13330760540368
4.58571428571427 -0.991943454368182 -0.125492849953051 1.12622555677908
4.59285714285713 -0.992814460452715 -0.11838910222562 1.11913710545171
4.59999999999999 -0.993634730807257 -0.11128684555566 1.11204261385768
4.60714285714284 -0.994404276082218 -0.104186079943171 1.10494244435703
4.6142857142857 -0.99512310692801 -0.0970868053881538 1.09783695923372
4.62142857142856 -0.995791233995043 -0.0899890218906077 1.09072652069563
4.62857142857141 -0.996408667933727 -0.0828927294505328 1.08361149087457
4.63571428571427 -0.996975419394473 -0.0757979280679293 1.07649223182628
4.64285714285713 -0.997491499027692 -0.0687046177427972 1.06936910553043
4.64999999999999 -0.997956917483793 -0.0616127984751363 1.0622424738906
4.65714285714284 -0.998371685413188 -0.0545224702649467 1.0551126987343
4.6642857142857 -0.998735813466286 -0.0474336331122285 1.04798014181297
4.67142857142856 -0.999049312293499 -0.0403462870169815 1.04084516480198
4.67857142857141 -0.999312192545237 -0.0332604319792059 1.03370812930062
4.68571428571427 -0.99952446487191 -0.0261760679989015 1.02656939683211
4.69285714285713 -0.99968613992393 -0.0190931950760685 1.01942932884358
4.69999999999999 -0.999797228351705 -0.0120118132107069 1.01228828670611
4.70714285714284 -0.999857740805648 -0.00493192240281644 1.00514663171469
4.7142857142857 -0.999867687936168 0.00214647734760263 0.99800472508823
4.72142857142856 -0.999827080393676 0.00922338604055038 0.990862927969583
4.72857142857141 -0.999735928828583 0.0162988036760268 0.983721601425517
4.73571428571427 -0.999594243891298 0.023372730254032 0.976581106446727
4.74285714285713 -0.999402036232233 0.0304451657745658 0.969441803947836
4.74999999999998 -0.999159316501798 0.0375161102376283 0.962304054767389
4.75714285714284 -0.998866095350404 0.0445855636432195 0.95516821966786
4.7642857142857 -0.998522383428461 0.0516535259913394 0.948034659335647
4.77142857142856 -0.998128191386379 0.058719997281988 0.940903734381073
4.77857142857141 -0.997683529874569 0.0657849775151653 0.933775805338388
4.78571428571427 -0.997188409543442 0.0728484666908712 0.926651232665768
4.79285714285713 -0.996642841043408 0.0799104648091058 0.919530376745313
4.79999999999998 -0.996046835024877 0.0869709718698692 0.912413597883049
4.80714285714284 -0.995400402138261 0.0940299878731612 0.905301256308929
4.8142857142857 -0.994703553033969 0.101087512818982 0.89819371217683
4.82142857142856 -0.993956298362412 0.108143546707331 0.891091325564556
4.82857142857141 -0.993158648774001 0.115198089538209 0.883994456473836
4.83571428571427 -0.992310614919146 0.122251141311616 0.876903464830324
4.84285714285713 -0.991412207448258 0.129302702027552 0.869818710483601
4.84999999999998 -0.990463437011747 0.136352771686016 0.862740553207172
4.85714285714284 -0.989464314260023 0.143401350287009 0.855669352698469
4.8642857142857 -0.988414849843497 0.15044843783053 0.84860546857885
4.87142857142856 -0.987315054412581 0.15749403431658 0.841549260393596
4.87857142857141 -0.986164938617683 0.164538139745159 0.834501087611918
4.88571428571427 -0.984964513109215 0.171580754116267 0.827461309626948
4.89285714285713 -0.983713788537588 0.178621877429903 0.820430285755746
4.89999999999998 -0.98241277555321 0.185661509686068 0.813408375239298
4.90714285714284 -0.981061484806495 0.192699650884762 0.806395937242515
4.9142857142857 -0.979659926947851 0.199736301025984 0.799393330854234
4.92142857142856 -0.978208112627689 0.206771460109735 0.792400915087216
4.92857142857141 -0.97670605249642 0.213805128136015 0.785419048878151
4.93571428571427 -0.975153757204454 0.220837305104823 0.77844809108765
4.94285714285713 -0.973551237402202 0.22786799101616 0.771488400500254
4.94999999999998 -0.971898503740074 0.234897185870026 0.764540335824428
4.95714285714284 -0.970195566868482 0.241924889666421 0.757604255692562
4.9642857142857 -0.968442437437834 0.248951102405344 0.750680518660971
4.97142857142856 -0.966639126098542 0.255975824086796 0.743769483209899
4.97857142857141 -0.964785643501017 0.262999054710776 0.736871507743512
4.98571428571427 -0.962882000295668 0.270020794277285 0.729986950589903
4.99285714285713 -0.960928207132907 0.277041042786323 0.723116170001091
4.99999999999998 -0.958924274663143 0.28405980023789 0.716259524153021
5.00714285714284 -0.956870245176179 0.291063778087649 0.709417371089063
5.0142857142857 -0.954766287519382 0.298039687791263 0.702590068098528
5.02142857142856 -0.952612602179509 0.304987529348732 0.695777971095174
5.02857142857141 -0.950409389643319 0.311907302760056 0.688981434560716
5.03571428571427 -0.948156850397571 0.318799008025236 0.682200811544817
5.04285714285713 -0.945855184929021 0.325662645144272 0.675436453665091
5.04999999999998 -0.943504593724429 0.332498214117162 0.668688711107107
5.05714285714284 -0.941105277270552 0.339305714943908 0.661957932624383
5.0642857142857 -0.93865743605415 0.346085147624509 0.655244465538391
5.07142857142856 -0.936161270561979 0.352836512158966 0.648548655738552
5.07857142857141 -0.933616981280798 0.359559808547277 0.641870847682241
5.08571428571427 -0.931024768697366 0.366255036789444 0.635211384394784
5.09285714285713 -0.92838483329844 0.372922196885467 0.628570607469459
5.09999999999998 -0.925697375570778 0.379561288835345 0.621948857067494
5.10714285714284 -0.92296259600114 0.386172312639078 0.615346471918071
5.1142857142857 -0.920180695076282 0.392755268296666 0.608763789318323
5.12142857142856 -0.917351873282964 0.399310155808109 0.602201145133335
5.12857142857141 -0.914476331107943 0.405836975173408 0.595658873796142
5.13571428571427 -0.911554269037978 0.412335726392563 0.589137308307733
5.14285714285713 -0.908585887559826 0.418806409465572 0.582636780237048
5.14999999999998 -0.905571387160246 0.425249024392437 0.576157619720977
5.15714285714284 -0.902510968325996 0.431663571173157 0.569700155464365
5.1642857142857 -0.899404831543835 0.438050049807733 0.563264714740006
5.17142857142855 -0.896253177300519 0.444408460296164 0.556851623388646
5.17857142857141 -0.893056206082809 0.45073880263845 0.550461205818985
5.18571428571427 -0.889814118377461 0.457041076834591 0.544093785007672
5.19285714285713 -0.886527114671234 0.463315282884588 0.537749682499309
5.19999999999998 -0.883195395450886 0.46956142078844 0.53142921840645
5.20714285714284 -0.879819161203176 0.475779490546147 0.5251327114096
5.2142857142857 -0.876398612414861 0.48196949215771 0.518860478757216
5.22142857142855 -0.872933949572699 0.488131425623128 0.512612836265706
5.22857142857141 -0.86942537316345 0.494265290942401 0.506390098319432
5.23571428571427 -0.86587308367387 0.50037108811553 0.500192577870705
5.24285714285713 -0.862277281590719 0.506448817142514 0.49402058643979
5.24999999999998 -0.858638167400754 0.512498478023353 0.487874434114902
5.25714285714284 -0.854955941590733 0.518520070758048 0.481754429552208
5.2642857142857 -0.851230804647415 0.524513595346597 0.475660879975828
5.27142857142855 -0.847462957057558 0.530479051789002 0.469594091177832
5.27857142857141 -0.84365259930792 0.536416440085263 0.463554367518243
5.28571428571427 -0.83979993188526 0.542325760235379 0.457542011925036
5.29285714285713 -0.835905155276334 0.54820701223935 0.451557325894135
5.29999999999998 -0.831968469967903 0.554060196097176 0.44560060948942
5.30714285714284 -0.827990076446723 0.559885311808858 0.43967216134272
5.3142857142857 -0.823970175199553 0.565682359374395 0.433772278653815
5.32142857142855 -0.819908966713151 0.571451338793787 0.427901257190439
5.32857142857141 -0.815806651474275 0.577192250067035 0.422059391288276
5.33571428571427 -0.811663429969684 0.582905093194138 0.416246973850963
5.34285714285713 -0.807479502686135 0.588589868175096 0.410464296350087
5.34999999999998 -0.803255070110388 0.59424657500991 0.40471164882519
5.35714285714284 -0.798990332729199 0.599875213698579 0.398989319883761
5.3642857142857 -0.794685491029328 0.605475784241103 0.393297596701246
5.37142857142855 -0.790340745497531 0.611048286637482 0.387636765021038
5.37857142857141 -0.785956296620569 0.616592720887717 0.382007109154484
5.38571428571427 -0.781532344885198 0.622109086991807 0.376408911980883
5.39285714285713 -0.777069090778177 0.627597384949753 0.370842454947485
5.39999999999998 -0.772566734786263 0.633057614761553 0.365308018069492
5.40714285714284 -0.768025477396217 0.638489776427209 0.359805879930058
5.4142857142857 -0.763445519094794 0.643893869946721 0.354336317680288
5.42142857142855 -0.758827060368754 0.649269895320087 0.348899607039238
5.42857142857141 -0.754170301704855 0.654617852547309 0.343496022293919
5.43571428571427 -0.749475443589855 0.659937741628387 0.338125836299291
5.44285714285713 -0.744742686510512 0.665229562563319 0.332789320478265
5.44999999999998 -0.739972230953584 0.670493315352107 0.327486744821706
5.45714285714284 -0.73516427740583 0.67572899999475 0.32221837788843
5.4642857142857 -0.730319026354007 0.680936616491249 0.316984486805204
5.47142857142855 -0.725436678284874 0.686116164841603 0.311785337266747
5.47857142857141 -0.720517433685189 0.691267645045812 0.306621193535731
5.48571428571427 -0.715561493041711 0.696391057103876 0.301492318442778
5.49285714285713 -0.710569056841196 0.701486401015796 0.296398973386461
5.49999999999998 -0.705540325570404 0.706553676781571 0.291341418333309
5.50714285714284 -0.70047551173528 0.711587836342876 0.286319911796335
5.5142857142857 -0.695374875918513 0.716583831641385 0.281334710598952
5.52142857142855 -0.690238690721981 0.721541662677099 0.276386069638879
5.52857142857141 -0.685067228747561 0.726461329450016 0.27147424186668
5.53571428571427 -0.67986076259713 0.731342831960137 0.266599478285762
5.54285714285712 -0.674619564872566 0.736186170207463 0.261762027952374
5.54999999999998 -0.669343908175745 0.740991344191993 0.256962137975611
5.55714285714284 -0.664034065108544 0.745758353913727 0.252200053517412
5.5642857142857 -0.658690308272841 0.750487199372666 0.247476017792557
5.57142857142855 -0.653312910270513 0.755177880568809 0.242790272068673
5.57857142857141 -0.647902143703436 0.759830397502155 0.238143055666228
5.58571428571427 -0.642458281173488 0.764444750172706 0.233534605958535
5.59285714285712 -0.636981595282547 0.769020938580461 0.228965158371752
5.59999999999998 -0.631472358632489 0.773558962725421 0.224434946384878
5.60714285714284 -0.62593084382519 0.778058822607584 0.219944201529757
5.6142857142857 -0.62035732346253 0.782520518226952 0.215493153391078
5.62142857142855 -0.614752070146384 0.786944049583524 0.211082029606372
5.62857142857141 -0.609115356478629 0.7913294166773 0.206711055866015
5.63571428571427 -0.603447455061143 0.79567661950828 0.202380455913225
5.64285714285712 -0.597748638495803 0.799985658076464 0.198090451544065
5.64999999999998 -0.592019179384486 0.804256532381853 0.193841262607442
5.65714285714284 -0.586259350329069 0.808489242424446 0.189633107005106
5.6642857142857 -0.580469423931429 0.812683788204243 0.185466200691651
5.67142857142855 -0.574649672793444 0.816840169721244 0.181340757674515
5.67857142857141 -0.56880036951699 0.820958386975449 0.177256990013979
5.68571428571427 -0.562921786703944 0.825038439966859 0.173215107823169
5.69285714285712 -0.557014196956184 0.829080328695473 0.169215319268053
5.69999999999998 -0.551077872875587 0.833084053161291 0.165257830567444
5.70714285714284 -0.545113087064029 0.837049613364313 0.161342845992999
5.7142857142857 -0.539120112123389 0.840977009304539 0.157470567869218
5.72142857142855 -0.533099220655543 0.84486624098197 0.153641196573444
5.72857142857141 -0.527050685262368 0.848717308396604 0.149854930535866
5.73571428571427 -0.520974778545741 0.852530211548443 0.146111966239514
5.74285714285712 -0.51487177310754 0.856304950437486 0.142412498220264
5.74999999999998 -0.508741941549641 0.860041525063734 0.138756719066834
5.75714285714284 -0.502585556473921 0.863739935427185 0.135144819420788
5.7642857142857 -0.496402890482259 0.867400181527841 0.13157698797653
5.77142857142855 -0.49019421617653 0.871022263365701 0.128053411481313
5.77857142857141 -0.483959806158613 0.874606180940765 0.124574274735228
5.78571428571427 -0.477699933030383 0.878151934253033 0.121139760591214
5.79285714285712 -0.471414869393719 0.881659523302505 0.117750049955052
5.79999999999998 -0.465104887850497 0.885128948089182 0.114405321785367
5.80714285714284 -0.458770261002595 0.888560208613062 0.111105753093628
5.8142857142857 -0.452411261451889 0.891953304874147 0.107851518944146
5.82142857142855 -0.446028161800256 0.895308236872437 0.104642792454079
5.82857142857141 -0.439621234649575 0.89862500460793 0.101479744793426
5.83571428571427 -0.433190752601721 0.901903608080627 0.0983625451850309
5.84285714285712 -0.426736988258572 0.905144047290529 0.0952913609045808
5.84999999999998 -0.420260214222006 0.908346322237635 0.0922663572806071
5.85714285714284 -0.413760703093899 0.911510432921945 0.0892876976944845
5.8642857142857 -0.407238727476128 0.914636379343459 0.0863555435804316
5.87142857142855 -0.40069455997057 0.917724161502178 0.0834700544255107
5.87857142857141 -0.394128473179103 0.920773779398101 0.080631387769628
5.88571428571427 -0.387540739703604 0.923785233031227 0.0778396992055331
5.89285714285712 -0.38093163214595 0.926758522401558 0.0750951423788197
5.89999999999998 -0.374301423108017 0.929693647509094 0.072397868987925
5.90714285714284 -0.367650385191684 0.932590608353833 0.06974802878413
5.9142857142857 -0.360978790998826 0.935449404935777 0.0671457695715593
5.92142857142855 -0.354286913131322 0.938270037254925 0.0645912372071816
5.92857142857141 -0.347575024191048 0.941052505311276 0.062084575600809
5.93571428571427 -0.340843396779882 0.943796809104833 0.0596259267150974
5.94285714285712 -0.3340923034997 0.946502948635593 0.0572154305655465
5.94999999999998 -0.32732201695238 0.949170923903558 0.0548532252204996
5.95714285714284 -0.320532809739799 0.951800734908726 0.052539446801144
5.96428571428569 -0.313724954463834 0.954392381651099 0.0502742294815105
5.97142857142855 -0.306898723726361 0.956945864130676 0.0480577054884738
5.97857142857141 -0.300054390129259 0.959461182347457 0.0458900051017521
5.98571428571427 -0.293192226274404 0.961938336301443 0.0437712566539076
5.99285714285712 -0.286312504763674 0.964377325992633 0.0417015865303461
5.99999999999998 -0.279415498198945 0.966778151421027 0.039681119169317
6.00714285714284 -0.27250152276914 0.969122506027671 0.0377099769840798
6.01428571428569 -0.265571069011361 0.97139208325361 0.0357882795067293
6.02142857142855 -0.258624671049756 0.973586883098843 0.0339161425320219
6.02857142857141 -0.251662863008474 0.975706905563372 0.0320936780395416
6.03571428571427 -0.244686179011662 0.977752150647195 0.0303209941936997
6.04285714285712 -0.237695153183468 0.979722618350314 0.0285981953437354
6.04999999999998 -0.23069031964804 0.981618308672728 0.026925382023715
6.05714285714284 -0.223672212529526 0.983439221614436 0.0253026509525327
6.06428571428569 -0.216641365952074 0.98518535717544 0.0237300950339098
6.07142857142855 -0.209598314039831 0.986856715355739 0.0222078033563954
6.07857142857141 -0.202543590916946 0.988453296155333 0.0207358611933661
6.08571428571427 -0.195477730707566 0.989975099574221 0.0193143500030259
6.09285714285712 -0.18840126753584 0.991422125612405 0.0179433474284065
6.09999999999998 -0.181314735525915 0.992794374269884 0.0166229272973668
6.10714285714284 -0.174218668801939 0.994091845546657 0.0153531596225935
6.11428571428569 -0.167113601488059 0.995314539442726 0.0141341106016008
6.12142857142855 -0.160000067708425 0.99646245595809 0.0129658426167302
6.12857142857141 -0.152878601587184 0.997535595092749 0.0118484142351509
6.13571428571427 -0.145749737248483 0.998533956846703 0.0107818802088596
6.14285714285712 -0.138614008816471 0.999457541219952 0.00976629147468049
6.14999999999998 -0.131471950415295 1.0003063482125 0.00880169515426521
6.15714285714284 -0.124324096169103 1.00108037782433 0.00788813455409298
6.16428571428569 -0.117170980202044 1.00177963005547 0.00702564916547057
6.17142857142855 -0.110013136638265 1.0024041049059 0.00621427466453217
6.17857142857141 -0.102851099601914 1.00295380237562 0.00545404291223957
6.18571428571427 -0.0956854032171389 1.00342872246464 0.00474498195438203
6.19285714285712 -0.0885165816080876 1.00382886517295 0.00408711602157635
6.19999999999998 -0.081345168898908 1.00415423050056 0.00348046552926682
6.20714285714284 -0.0741716992137479 1.00440481844747 0.00292504707772524
6.21428571428569 -0.0669967066767554 1.00458062901367 0.00242087345205096
6.22142857142855 -0.0598207254120782 1.00468166219916 0.00196795362217085
6.22857142857141 -0.0526442895438644 1.00470791800395 0.00156629274283922
6.23571428571427 -0.0454679331962617 1.00465939642803 0.00121589215363799
6.24285714285712 -0.038292190493418 1.00453609747141 0.000916749378976546
6.24999999999998 -0.0311175955594814 1.00433802113409 0.000668858128091761
6.25714285714284 -0.0239446825185995 1.00406516741605 0.000472208295048106
6.26428571428569 -0.0167739854949204 1.00371753631732 0.000326785958737495
6.27142857142855 -0.00960603861259191 1.00329512783788 0.000232573382879353
6.27857142857141 -0.00244137599576195 1.00279794197773 0.00018954901602071
6.28571428571427 0.00471946823142154 1.00222597873688 0.000197687491535981
6.29285714285712 0.0118759599448108 1.00157923811532 0.000256959627627208
6.29999999999998 0.0190275650202578 1.00085772011306 0.00036733242732389
6.30714285714284 0.0261737493336147 1.0000614247301 0.000528769078483052
6.31428571428569 0.0333139787607336 0.999190351966427 0.000741228953789252
6.32142857142855 0.0404477191774667 0.998244501822051 0.00100466761075453
6.32857142857141 0.047574436459666 0.99722387429697 0.00131903679171845
6.33571428571426 0.0546935964831836 0.996128469391184 0.00168428442384813
6.34285714285712 0.0618046651238716 0.994958287104693 0.00210035461913814
6.34999999999998 0.0689071082575823 0.993713327437497 0.00256718767441063
6.35714285714284 0.0760003917601675 0.992393590389597 0.0030847200713152
6.36428571428569 0.0830839815074795 0.990999075960991 0.00365288447632904
6.37142857142855 0.0901573433753704 0.98952978415168 0.00427160974075676
6.37857142857141 0.0972199432396923 0.987985714961664 0.00494082090073059
6.38571428571426 0.104271246976297 0.986366868390943 0.00566043917721019
6.39285714285712 0.111310720461037 0.984673244439518 0.00643038197598278
6.39999999999998 0.118337829569765 0.982904843107387 0.00725056288766306
6.40714285714284 0.125352040178332 0.981061664394551 0.00812089168769331
6.41428571428569 0.13235281816259 0.97914370830101 0.00904127433634326
6.42142857142855 0.139339629398392 0.977150974826764 0.0100116129787102
6.42857142857141 0.14631193976159 0.975083463971814 0.0110318059447188
6.43571428571426 0.153269215128035 0.972941175736158 0.0121017477491216
6.44285714285712 0.160210921373581 0.970724110119798 0.0132213290914981
6.44999999999998 0.167136524374078 0.968432267122732 0.0143904368562559
6.45714285714284 0.17404549000538 0.966065646744961 0.0156089541126297
6.46428571428569 0.180937284143338 0.963624248986485 0.0168767601146819
6.47142857142855 0.187811372663804 0.961108073847305 0.0181937303013024
6.47857142857141 0.194667221442631 0.958517121327419 0.0195597362962086
6.48571428571426 0.20150429635567 0.955851391426829 0.0209746459079453
6.49285714285712 0.208322063278774 0.953110884145533 0.0224383231298849
6.49999999999998 0.215119988087795 0.950295599483532 0.0239506281402276
6.50714285714284 0.221897674194129 0.94746330236941 0.0255114175475997
6.51428571428569 0.22865527515135 0.94467175773175 0.0271205470926458
6.52142857142855 0.235393082048574 0.941920965570552 0.028777874349619
6.52857142857141 0.242111385974921 0.939210925885817 0.0304832589719805
6.53571428571426 0.248810478019506 0.936541638677543 0.0322365626923994
6.54285714285712 0.255490649271448 0.933913103945732 0.0340376493227528
6.54999999999998 0.262152190819865 0.931325321690383 0.0358863847541259
6.55714285714284 0.268795393753874 0.928778291911496 0.0377826369568118
6.56428571428569 0.275420549162592 0.926272014609071 0.0397262759803115
6.57142857142855 0.282027948135138 0.923806489783108 0.0417171739533341
6.57857142857141 0.288617881760628 0.921381717433608 0.0437552050837967
6.58571428571426 0.295190641128181 0.918997697560569 0.0458402456588242
6.59285714285712 0.301746517326914 0.916654430163993 0.0479721740447497
6.59999999999998 0.308285801445944 0.914351915243879 0.0501508706871141
6.60714285714284 0.314808784574389 0.912090152800228 0.0523762181106665
6.61428571428569 0.321315757801367 0.909869142833038 0.0546481009193638
6.62142857142855 0.327807012215996 0.907688885342311 0.0569664057963709
6.62857142857141 0.334282838907392 0.905549380328046 0.0593310215040608
6.63571428571426 0.340743528964674 0.903450627790243 0.0617418388840143
6.64285714285712 0.347189373476958 0.901392627728902 0.0641987508570204
6.64999999999998 0.353620663533364 0.899375380144024 0.0667016524230759
6.65714285714284 0.360037690223007 0.897398885035608 0.0692504406613857
6.66428571428569 0.366440744635007 0.895463142403653 0.0718450147303625
6.67142857142855 0.37283011785848 0.893568152248162 0.0744852758676273
6.67857142857141 0.379206100982543 0.891713914569132 0.0771711273900089
6.68571428571426 0.385568985096316 0.889900429366564 0.0799024746935439
6.69285714285712 0.391919061288914 0.888127696640459 0.0826792252534772
6.69999999999998 0.398256620649457 0.886395716390816 0.0855012886242616
6.70714285714284 0.404581954267061 0.884704488617635 0.0883685764395577
6.71428571428569 0.410895353230843 0.883054013320916 0.0912810024122343
6.72142857142855 0.417197108629922 0.881444290500659 0.094238482334368
6.72857142857141 0.423487511553416 0.879875320156865 0.0972409340772437
6.73571428571426 0.42976685309044 0.878347102289533 0.100288277591354
6.74285714285712 0.436035424330115 0.876859636898663 0.103380434906399
6.74999999999998 0.442293516361556 0.875412923984255 0.106517330131288
6.75714285714283 0.448541420273881 0.874006963546309 0.109698889454138
6.76428571428569 0.454779427156209 0.872641755584826 0.112925041142272
6.77142857142855 0.461007828097656 0.871317300099804 0.116195715542224
6.77857142857141 0.46722691418734 0.870033597091245 0.119510845079735
6.78571428571426 0.47343697651438 0.868790646559148 0.122870364259751
6.79285714285712 0.479638306167891 0.867588448503514 0.126274209666431
6.79999999999998 0.485831194236993 0.866427002924341 0.129722319963139
6.80714285714283 0.492015931810802 0.865306309821631 0.133214635892447
6.81428571428569 0.498192809978436 0.864226369195383 0.136751100276136
6.82142857142855 0.504362119829013 0.863187181045597 0.140331658015194
6.82857142857141 0.510524152451651 0.862188745372273 0.143956256089817
6.83571428571426 0.516679198935466 0.861231062175411 0.147624843559411
6.84285714285712 0.522827550369577 0.860314131455012 0.151337371562587
6.84999999999998 0.5289694978431 0.859437953211075 0.155093793317165
6.85714285714283 0.535105332445155 0.8586025274436 0.158894064120175
6.86428571428569 0.541235345264858 0.857807854152587 0.162738141347852
6.87142857142855 0.547359827391326 0.857053933338036 0.166625984455641
6.87857142857141 0.553479069913678 0.856340764999948 0.170557554978195
6.88571428571426 0.559593363921031 0.855668349138321 0.174532816529372
6.89285714285712 0.565703000502503 0.855036685753157 0.178551734802243
6.89999999999998 0.571808270747211 0.854445774844455 0.182614277569083
6.90714285714283 0.577909465744272 0.853895616412216 0.186720414681375
6.91428571428569 0.584006876582805 0.853386210456438 0.190870118069814
6.92142857142855 0.590100794351927 0.852917556977123 0.195063361744298
6.92857142857141 0.596191510140756 0.85248965597427 0.199300121793936
6.93571428571426 0.602279315038408 0.852102507447879 0.203580376387044
6.94285714285712 0.608364500134003 0.85175611139795 0.207904105771146
6.94999999999998 0.614447356516656 0.851450467824484 0.212271292272975
6.95714285714283 0.620528175275487 0.851185576727479 0.21668192029847
6.96428571428569 0.626607247499612 0.850961438106937 0.22113597633278
6.97142857142855 0.632684864278149 0.850778051962857 0.225633448940261
6.97857142857141 0.638761316700216 0.85063541829524 0.230174328764476
6.98571428571426 0.64483689585493 0.850533537104084 0.234758608528199
6.99285714285712 0.650911892831408 0.850472408389391 0.239386283033408
6.99999999999998 0.65698659871877 0.850452032151159 0.244057349161292
