0 3.04159265358979 0
0.01 3.04156772647391 -0.00498585242434799
0.03 3.04136856260266 -0.0149301405042578
0.07 3.0403745680754 -0.034778626105208
0.148263605773146 3.03612495882209 -0.0739844708584207
0.236942907789542 3.02753370909097 -0.120256242868403
0.330702809895794 3.01381863340297 -0.173181073363097
0.430737563057391 2.9933944988477 -0.236608331171746
0.534006832594966 2.96514211651722 -0.312654370751439
0.640966080642716 2.92683694710099 -0.406570927720398
0.746859495342874 2.8780147015138 -0.51926384494167
0.844625577725878 2.82128258331614 -0.645268701868696
0.918153802545773 2.76983329436544 -0.756845440935009
0.983634130818873 2.71663795819377 -0.870341965036761
1.03985868871919 2.66468417370461 -0.97972176319441
1.08784261563311 2.61524210881395 -1.08262723628613
1.1302965981732 2.56720818283102 -1.18156014366507
1.1694203990049 2.51908494410351 -1.27966909429167
1.20668346407056 2.46955987721393 -1.37957882863151
1.24308345384049 2.41747226751894 -1.48347780732686
1.27934361430174 2.36170982382338 -1.59332253129162
1.31604932243571 2.30108626329664 -1.71105105679347
1.35375294496036 2.23418751942094 -1.83881869254309
1.39307872945382 2.15913686204966 -1.97932288362054
1.434874400028 2.07315588725901 -2.13637651883197
1.47938146985038 1.97420312912631 -2.31159284775588
1.52444987117514 1.86589121545491 -2.49609425718097
1.5686414915462 1.75149163448379 -2.68207559407763
1.61117779702954 1.63355199133931 -2.86355910387748
1.65176244039413 1.51382351658179 -3.03642804782683
1.69039315693498 1.39339013984484 -3.19804515689483
1.72722073027035 1.27285609260995 -3.34678597482911
1.76246255976713 1.15250853017644 -3.48165621186211
1.79635741567674 1.03242995623105 -3.60202856032271
1.82914637072985 0.912562694515445 -3.70747658095109
1.86180850327793 0.789926970851812 -3.79959702202935
1.89405227620146 0.666142663533453 -3.87588634745213
1.9251864211293 0.544524018645334 -3.93403236951491
1.95499194570459 0.426632159614436 -3.9740900200869
1.98351923083925 0.312896571154813 -3.99718737479137
2.01094627874927 0.203128874826516 -4.00472492475247
2.03749636710208 0.0968617620055554 -3.99798745593213
2.06339733869447 -0.00645984261760779 -3.97800371438266
2.08886539663174 -0.107385226568323 -3.94552502130696
2.11410178055208 -0.206420379545963 -3.90104831048534
2.13929571791101 -0.304019704061421 -3.8448473534283
2.1646303832538 -0.400591828270017 -3.77699664409027
2.19029058036222 -0.496511892013033 -3.69738166148283
2.2164720607993 -0.592137104256778 -3.60569208974095
2.2433932950012 -0.687825077119038 -3.50139369573846
2.27131155544003 -0.783956533557112 -3.3836704792717
2.29927372293447 -0.876823035786455 -3.25725755937424
2.3267718223661 -0.964600557616964 -3.12587797948334
2.35360044405598 -1.04668079743269 -2.99208499045238
2.38002408590816 -1.12395299910804 -2.85592646197364
2.40643633460796 -1.19754950956461 -2.71642561658232
2.43308443688413 -1.26803329425366 -2.57311579904993
2.46013092174076 -1.33563975680993 -2.42585708506475
2.48768757340681 -1.40040851283561 -2.2747188723828
2.51583487533975 -1.46225815181834 -2.11990174925333
2.54463329479244 -1.52102968103365 -1.96168405475178
2.57412975513408 -1.57651214923108 -1.80038454265014
2.60436115994948 -1.62845798487447 -1.63633582641909
2.63535605078634 -1.676592452935 -1.46986523465422
2.66713504639835 -1.72061990456171 -1.30128097037643
2.69971046392797 -1.76022850698496 -1.13086233935022
2.73308538209804 -1.79509456747464 -0.95885343995598
2.76725233142391 -1.82488722683158 -0.785460166533723
2.80219176373212 -1.84927409002893 -0.610850704052053
2.83787044951 -1.86792821641317 -0.435159889319216
2.87423996812332 -1.88053675972764 -0.258497864068031
2.91123548550135 -1.8868113885773 -0.0809633126898628
2.94877504811851 -1.88650039683664 0.0973387771919245
2.98675964917805 -1.87940210796673 0.276275490257028
3.02507432610491 -1.86537878715955 0.45566196189137
3.06359050695617 -1.84436984078847 0.63523732335423
3.10216971735118 -1.81640269903228 0.814643733082104
3.1406685808178 -1.78159959180659 0.99341191494979
3.17894481112467 -1.74017860001459 1.17095617987732
3.21686365608 -1.6924479878469 1.34658060634265
3.25430408512096 -1.63879383944879 1.51949610874967
3.2911639909034 -1.57966219130907 1.68884606361794
3.32736382816366 -1.51553781285378 1.8537366512193
3.36284840489915 -1.44692222994033 2.01326757711846
3.39758688092486 -1.37431339484201 2.16655942086365
3.43157131622821 -1.29818870757998 2.31277516668397
3.46481428083341 -1.21899216361595 2.45113496519817
3.49734607982646 -1.13712552009641 2.58092439583947
3.52921209889212 -1.05294270315723 2.7014972149921
3.56047069627261 -0.966746241575258 2.81227377435222
3.59145286281439 -0.878024337428703 2.91355004199171
3.62288259115899 -0.784966207669176 3.00639504621079
3.65410828073889 -0.689792566947397 3.0875620306023
3.68459778882025 -0.59459500783601 3.15506082946867
3.71412916081658 -0.500603982717437 3.2084300564206
3.74267283488053 -0.408429863785695 3.24803658941189
3.77030498194657 -0.318285636674978 3.27459887609401
3.79715190803036 -0.230155033789034 3.28891150888464
3.82335803598869 -0.143904511090488 3.29170869221325
3.84906939355284 -0.0593512654755778 3.28360925530159
3.87442639081909 0.0236986534632362 3.26510359019387
3.89956179335799 0.10543083420967 3.23655900158852
3.92460144617159 0.186013804109085 3.19823089179145
3.94966640159359 0.265596217354495 3.15027360583868
3.97487578201241 0.344306995495472 3.09274812249279
4.00035011684215 0.422256747220833 3.02562532425735
4.02621515042205 0.499539549933797 2.94878408969964
4.05260630804878 0.576234607502363 2.86200333227153
4.07967419732171 0.65240753259515 2.76494650258693
4.10759177985128 0.728111119729967 2.65713589033037
4.13616122796714 0.802362265839068 2.53961737692902
4.16468094845951 0.873043065983034 2.41597661163009
4.19278949878942 0.939177654468769 2.28881594025882
4.22033954498699 1.00046819461334 2.15987472008204
4.24730836132505 1.05697694852297 2.03023061389451
4.27409673360389 1.1096083912542 1.8987304563452
4.30094736031664 1.15879708024323 1.76476934553789
4.32801022254405 1.20471131372714 1.62808385711187
4.35537872870706 1.24736435366079 1.48862578988804
4.3831105064338 1.28667804299856 1.34648238586514
4.41123962283337 1.32252051853932 1.20182499511173
4.43978381822139 1.35472936017091 1.05487592445567
4.46874876682706 1.3831264423629 0.905887299030621
4.4981305493583 1.40752807978384 0.755128080945416
4.52791706143674 1.42775256562747 0.602876771364801
4.55808881555045 1.44362632662854 0.449418169322091
4.58861943575057 1.45498938368105 0.295043076632529
4.61947604736914 1.46170046426189 0.140050138153088
4.65061970197817 1.4636418823364 -0.0152508374681413
4.68200593466277 1.46072413989314 -0.17053466795501
4.7135855166257 1.45289009051827 -0.325456277219277
4.74530543537111 1.44011843178836 -0.479646445166
4.77711010444447 1.42242625980074 -0.632708391670956
4.80894277466261 1.39987042882309 -0.784215699977652
4.84074709077385 1.37254751313791 -0.933711969163894
4.87246871482647 1.34059226251426 -1.08071241424373
4.9040569239544 1.30417456550282 -1.22470742332807
4.93546608885236 1.26349506677044 -1.36516786455091
4.96665695110674 1.21877970279379 -1.5015517470191
4.99759764153308 1.17027350253113 -1.63331171094131
5.02826441428128 1.11823403098203 -1.75990276972253
5.05864210804901 1.06292482862028 -1.88078975036836
5.08872438200112 1.00460912308943 -1.9954539604098
5.11851380760668 0.943543971717462 -2.1033987211414
5.14845375517509 0.879022747111991 -2.20557896694927
5.17893131526992 0.810308554280309 -2.3023523309649
5.20952046569606 0.738499177435429 -2.39135707756599
5.23973719669737 0.665021822470625 -2.47052481314142
5.26932231344316 0.590896972075511 -2.53890143426927
5.29816978201107 0.516806563452231 -2.59624459085062
5.32627007047614 0.443176471055935 -2.64271768399529
5.35366990323317 0.370252471107186 -2.67868317436431
5.38044580504211 0.298161130033781 -2.70457539822947
5.40668781867057 0.22695452688357 -2.72082892320382
5.43249014116583 0.156641168266838 -2.72784220709366
5.45794620047621 0.0872064202541057 -2.72596201153904
5.48314645560071 0.0186255517352739 -2.71547908308894
5.50817780392507 -0.0491281565641626 -2.69662932996546
5.53312390498185 -0.116078451041825 -2.66959717616043
5.55806601335062 -0.182243057125739 -2.63451928132781
5.58308409538642 -0.247631715831717 -2.59148768546379
5.60825811936562 -0.312244756087425 -2.54055190629836
5.63366948199382 -0.376071834843181 -2.4817197411694
5.65940258402286 -0.439090585942221 -2.41495659916134
5.68554660686721 -0.501264975803864 -2.34018316485274
5.7121975809371 -0.56254318236405 -2.25727109144052
5.73946088538932 -0.622854800375833 -2.16603622984635
5.76745439232598 -0.682107132406354 -2.06622858008396
5.7963125902904 -0.740180246153277 -1.95751760544761
5.82563130016263 -0.795887857105392 -1.84173357253232
5.85488536415471 -0.848019354328371 -1.7215451893484
5.88380385444038 -0.896038747483423 -1.59881936695579
5.91227432262238 -0.939799945463216 -1.47478746244252
5.94027523242968 -0.979357597325482 -1.35022621289924
5.96783308138781 -1.01485472382284 -1.22560751213795
5.99509722820183 -1.04657164412156 -1.10074618177256
6.02229388757681 -1.0748014569156 -0.975002814411022
6.0495570780694 -1.099655504469 -0.848088320866096
6.07696442373931 -1.12114494280364 -0.719932834040982
6.10455802939578 -1.13922740125746 -0.59060576962308
6.13235700023542 -1.15383465354584 -0.460266259646876
6.1603651122361 -1.16488958342471 -0.329132289621704
6.18857560936995 -1.17231695917997 -0.197461609215283
6.21697428564601 -1.176050543032 -0.0655401221138092
6.24554154820829 -1.17603795951297 0.0663249932119451
6.27425388572962 -1.1722441159625 0.197809236393763
6.30308500068988 -1.16465360185052 0.328573022249047
6.33200676043322 -1.15327228249943 0.458263027337789
6.36099005552714 -1.13812818637302 0.586513211653333
6.39000561086555 -1.11927172822023 0.712945896779602
6.41902476709056 -1.09677529132557 0.837173142606414
6.44802023259464 -1.07073219645747 0.958798553522475
6.4769667968786 -1.04125510222704 1.07741955356889
6.50584199268719 -1.00847390312185 1.19263009541583
6.5346266959425 -0.972533210715077 1.3040237100711
6.56350603973212 -0.933306673743382 1.4119312738782
6.59269101986614 -0.890561088833394 1.5166409458537
6.62235978727085 -0.844046180379664 1.61815226844839
6.65235203961877 -0.794044700438578 1.71521233947578
6.68228138819793 -0.741336083898703 1.80597479076582
6.71189896880622 -0.68659784140629 1.88927597929488
6.74105829807965 -0.630395213152992 1.96445324468418
6.76968617788003 -0.573184982664817 2.03119390784614
6.79776002687278 -0.515327456253548 2.08941800261101
6.8252909710581 -0.457101944972644 2.13919172828707
6.85231167366502 -0.398722639466214 2.18066628157819
6.87886785682081 -0.340353120402506 2.214036318915
6.90501258409534 -0.282118731755039 2.23951285169787
6.93080254167857 -0.224116664284865 2.25730631420561
6.95629572780064 -0.166423931908767 2.26761653684756
6.98155011174671 -0.109103568059406 2.27062724009044
7.00662294719374 -0.0522094010942354 2.26650337537472
7.0315705195751 0.00421025763314407 2.2553901757089
7.05644817753144 0.0601097280486101 2.23741316429358
7.08131054920799 0.115443645802407 2.21267863643053
7.10621188003937 0.170165032476954 2.18127430856845
7.13120645385729 0.224223606325353 2.14326994374971
7.15634907698992 0.277564218304342 2.09871783391181
7.1816956181117 0.330125319753925 2.04765305975897
7.20730360706834 0.381837382492779 1.99009346669374
7.23323290563915 0.432621200597565 1.92603929478072
7.25954647422647 0.48238600678075 1.8554723818802
7.28631127346595 0.531027335881161 1.77835481667933
7.31359936300048 0.578424564013491 1.69462683898495
7.34148929881764 0.624438044417966 1.60420364015716
7.37006800044726 0.668905749205253 1.50697044910231
7.3994333904897 0.711639307376243 1.40277477700648
7.42949371875196 0.752154920944883 1.29217894331757
7.45971312932482 0.789480599481174 1.17755065938403
7.48979439232015 0.823150489284891 1.06055409532833
7.51959503750787 0.852999735594301 0.942304765798193
7.54906589578684 0.879024777718067 0.823527086881387
7.57821067875009 0.901298094887254 0.70468239427119
7.60706104823716 0.919920016477038 0.586062473585067
7.63566196105547 0.934993345359147 0.467853886334798
7.66406345804461 0.946611139030519 0.350180593622001
7.69231635582348 0.954851676309257 0.233131559312494
7.72047024382072 0.959777110304067 0.116778418660461
7.74857281713954 0.961433834224696 0.00118679329633084
7.77666997372651 0.959853481409729 -0.113576336418286
7.80480635012182 0.955053985739571 -0.227437620621986
7.83302612035991 0.947040401969794 -0.34031366688863
7.86137397516585 0.93580532437476 -0.452108039402684
7.88989625790944 0.921328802685582 -0.562708484793298
7.9186422757962 0.903577667356057 -0.671984063265012
7.94766584063773 0.882504156249998 -0.779781919709921
7.97702713240135 0.858043685250589 -0.885923432111404
8.00679503036153 0.830111519553548 -0.9901994272987
8.03628801768222 0.799429474037255 -1.0898409621248
8.06548752855029 0.766214866565353 -1.18452677266929
8.09441838755199 0.730639922805001 -1.27408698285074
8.12307178318314 0.692916549998272 -1.35825262351734
8.15142677938534 0.653279335026096 -1.43674320392941
8.17946206923379 0.611970971429979 -1.5093117239443
8.20716192094911 0.569230927402922 -1.5757643438115
8.23451866368414 0.525287456124819 -1.63596517408022
8.26153317246837 0.480352619343568 -1.68983280638585
8.28821427345162 0.434619779758243 -1.73733279490883
8.31457764498012 0.388262957964365 -1.77846869688378
8.34064456227958 0.341437489006112 -1.81327319876303
8.36644068343223 0.294281504576228 -1.84180013405005
8.39199497742566 0.246917875043609 -1.86411773649067
8.4173388347979 0.199456349132204 -1.88030319289466
8.44250536604975 0.151995717150194 -1.89043840584285
8.46752887406806 0.104625892473113 -1.8946068044689
8.4924444782788 0.0574298562163429 -1.89289101975625
8.51728786596773 0.0104854445128769 -1.88537124740684
8.54209514740741 -0.0361330199793808 -1.87212414188456
8.56690279436028 -0.0823532374695485 -1.85322211078207
8.59174764515102 -0.128103559404387 -1.82873290406255
8.61666696326246 -0.173311710922836 -1.79871941528055
8.64169854008164 -0.217903582072782 -1.76323963031421
8.66688083600977 -0.261802063561879 -1.72234667287388
8.69225315784091 -0.304925904781851 -1.67608890468192
8.7178558744855 -0.347188574313069 -1.62451004104948
8.74373067840458 -0.388497105901743 -1.5676492381245
8.76992090757949 -0.42875091591525 -1.50554109338978
8.79647195425759 -0.467840581438727 -1.43821547042281
8.82343180523245 -0.505646571258355 -1.36569700196317
8.85085178980282 -0.542037924381015 -1.2880040221198
8.87878766684865 -0.576870871015052 -1.20514649058246
8.90730128388705 -0.609987385818755 -1.11712212108018
8.93646323595414 -0.641213645573029 -1.023909246472
8.9663573492956 -0.670358317503613 -0.925453561956631
8.99729988434844 -0.69738395837426 -0.820921370516503
9.02870751908111 -0.721471752991117 -0.71257418272696
9.06023670888484 -0.742200621862694 -0.602015568041064
9.09170623678511 -0.75939226418565 -0.490339881288594
9.12303759983385 -0.773002307188389 -0.378279717678671
9.15421432873035 -0.783052072338984 -0.266324826882898
9.18525608380304 -0.789588852696849 -0.154809058416892
9.2162029688601 -0.79266410130258 -0.0439706002620707
9.2471065013766 -0.792322094343066 0.0660075099115021
9.2780247903512 -0.788594346767023 0.174970474391318
9.30902035005186 -0.781496935638247 0.282773763195964
9.34015959217964 -0.771029059391869 0.38927076001934
9.37151345133796 -0.757171842819841 0.494303728897921
9.40315887790154 -0.739886759256069 0.597696505855766
9.43518113614847 -0.719113192927621 0.699247754672641
9.46767702178155 -0.694764661693908 0.79872384542558
9.49959833221972 -0.667761147191459 0.892517717034168
9.53032168028553 -0.639005549484143 0.978733285464969
9.55961177008055 -0.609184417907021 1.05687852758257
9.58783821356329 -0.578337502588905 1.12814505227159
9.6153582133676 -0.546382016871194 1.19353747785462
9.64237877258988 -0.513311777702759 1.2535645560862
9.66902215316985 -0.479171813437574 1.30846944112736
9.69536229457178 -0.444040048922577 1.35835505880225
9.72144580126684 -0.408014171300891 1.40325410792137
9.74730423891369 -0.371202362898699 1.44316821916805
9.77296135167121 -0.333716937097074 1.47808940459399
9.79843725064603 -0.295670140170115 1.50801122501136
9.8237507826087 -0.257171546542721 1.53293402156791
9.84892080919414 -0.218326603802696 1.55286679901545
9.87396684285767 -0.179235988199244 1.56782730629245
9.89890931305579 -0.139995516003508 1.57784122959229
9.9237696293723 -0.100696423690029 1.58294102836815
9.94857014194771 -0.0614258827018796 1.58316471040545
9.97333405834695 -0.0222676548568556 1.57855470095188
9.998085350582 0.0166971755270727 1.56915687760395
10 0.0197006801415325 1.56823179351184
