

1 1.72730521088627 -0.5
1.5 0.272002893031036 -0.5
2 -0.18177363047152 -0.5
2.5 -0.357284608312968 -0.5
3 -0.433159025232555 -0.5
3.5 -0.467918412577142 -0.5
4 -0.484269925288394 -0.5
4.5 -0.492013902452887 -0.5
5 -0.495661042724595 -0.5
5.5 -0.497357229814907 -0.5
6 -0.498133660677527 -0.5
6.5 -0.498483199206379 -0.5
7 -0.498638060774692 -0.5
7.5 -0.498705677290837 -0.5
8 -0.49873481982225 -0.5
8.5 -0.498747237948934 -0.5
9 -0.498752477085591 -0.5
9.5 -0.498754668247598 -0.5
10 -0.498755577647705 -0.5
10.5 -0.498755952520679 -0.5
11 -0.498756106118285 -0.5
11.5 -0.498756168711736 -0.5
12 -0.498756194095139 -0.5
12.5 -0.498756204343318 -0.5
13 -0.498756208464213 -0.5
13.5 -0.498756210115166 -0.5
14 -0.498756210774374 -0.5
14.5 -0.498756211036737 -0.5
15 -0.498756211140882 -0.5


1 13.0466239557574 0
1.5 5.63335669999598 0
2 2.91964030342772 0
2.5 1.66701182752147 0
3 1.00314106477299 0
3.5 0.617989238159886 0
4 0.380094357090057 0
4.5 0.226396866278568 0
5 0.123747402297557 0
5.5 0.053446972006538 0
6 0.0043506974379722 0
6.5 -0.0304759681989248 0
7 -0.0554953632760618 0
7.5 -0.0736563742382572 0
8 -0.0869503650528858 0
8.5 -0.0967468662221021 0
9 -0.10400287014217 0
9.5 -0.109396659937401 0
10 -0.113415153701991 0
10.5 -0.116411909953327 0
11 -0.118646250139786 0
11.5 -0.120310026748117 0
12 -0.121546191308858 0
12.5 -0.122461847991167 0
13 -0.123137552984854 0
13.5 -0.123634027247154 0
14 -0.123997065321068 0
14.5 -0.124261169874776 0
15 -0.124452273517582 0


1 31.4076466206398 125
1.5 14.6645070268381 125
2 8.21696775017383 125
2.5 5.12728390073032 125
3 3.43083067981766 125
3.5 2.40939853920516 125
4 1.75221208355855 125
4.5 1.30776024354607 125
5 0.995310036935886 125
5.5 0.768775134331747 125
6 0.600360448811938 125
6.5 0.472532724879012 125
7 0.373811154102497 125
7.5 0.29643752238886 125
8 0.235026348409837 125
8.5 0.185751630449937 125
9 0.145840008156974 125
9.5 0.113245384137779 125
10 0.0864345021602841 125
10.5 0.0642423279389151 125
11 0.0457724748113111 125
11.5 0.0303273721194595 125
12 0.0173584839967569 125
12.5 0.00643030091674 125
13 -0.00280604625837333 125
13.5 -0.010632346086219 125
14 -0.017277957812043 125
14.5 -0.0229308907240285 125
15 -0.0277462572802383 125




1.5 -0.356789170263096 -0.5
1.36363636363636 -0.371608121433411 -0.5
1.25 -0.384499877109857 -0.5
1.15384615384615 -0.395745031088162 -0.5
1.07142857142857 -0.405582147977413 -0.5
1 -0.414213562001876 -0.5
0.9375 -0.421810644994248 -0.5
0.882352941176471 -0.428518478227698 -0.5
0.833333333333333 -0.434459922003382 -0.5
0.789473684210526 -0.439739113602502 -0.5
0.75 -0.444444444278716 -0.5
0.714285714285714 -0.448651074622671 -0.5
0.681818181818182 -0.452423048977388 -0.5
0.652173913043478 -0.455815066613573 -0.5
0.625 -0.458873962141147 -0.5
0.6 -0.461639941470898 -0.5
0.576923076923077 -0.464147613361869 -0.5
0.555555555555556 -0.466426850656486 -0.5
0.535714285714286 -0.468503509945616 -0.5
0.517241379310345 -0.470400033705714 -0.5
0.5 -0.472135954911804 -0.5
0.483870967741935 -0.473728320709605 -0.5
0.46875 -0.475192048862316 -0.5
0.454545454545455 -0.476540228300986 -0.5
0.441176470588235 -0.477784373131048 -0.5
0.428571428571429 -0.478934637816932 -0.5
0.416666666666667 -0.47999999992419 -0.5
0.405405405405405 -0.480988415694805 -0.5
0.394736842105263 -0.481906952824225 -0.5
0.384615384615385 -0.482761904063275 -0.5
0.375 -0.483558884655106 -0.5
0.365853658536585 -0.484302916112895 -0.5
0.357142857142857 -0.484998498428263 -0.5
0.348837209302326 -0.485649672457377 -0.5
0.340909090909091 -0.486260073948094 -0.5
0.333333333333333 -0.486832980436738 -0.5
0.326086956521739 -0.487371352048238 -0.5
0.319148936170213 -0.487877867071457 -0.5
0.3125 -0.488354953046562 -0.5
0.306122448979592 -0.488804813988781 -0.5
0.3 -0.489229454278507 -0.5
0.294117647058824 -0.489630699668873 -0.5
0.288461538461538 -0.490010215795465 -0.5
0.283018867924528 -0.490369524516953 -0.5
0.277777777777778 -0.490710018368327 -0.5
0.272727272727273 -0.491032973368431 -0.5
0.267857142857143 -0.491339560389811 -0.5
0.263157894736842 -0.491630855270066 -0.5
0.258620689655172 -0.491907847819532 -0.5
0.254237288135593 -0.492171449859315 -0.5
0.25 -0.492422502405762 -0.5
0.245901639344262 -0.492661782102374 -0.5
0.241935483870968 -0.492890006986962 -0.5
0.238095238095238 -0.493107841670558 -0.5
0.234375 -0.493315901995222 -0.5
0.230769230769231 -0.493514759229002 -0.5
0.227272727272727 -0.493704943849561 -0.5
0.223880597014925 -0.493886948961513 -0.5
0.220588235294118 -0.494061233387045 -0.5
0.217391304347826 -0.494228224464762 -0.5
0.214285714285714 -0.494388320587604 -0.5
0.211267605633803 -0.494541893507025 -0.5
0.208333333333333 -0.49468929042752 -0.5
0.205479452054795 -0.494830835912908 -0.5
0.202702702702703 -0.494966833623261 -0.5
0.2 -0.495097567899389 -0.5
0.197368421052632 -0.495223305209891 -0.5
0.194805194805195 -0.495344295474075 -0.5
0.192307692307692 -0.495460773272748 -0.5
0.189873417721519 -0.495572958957514 -0.5
0.1875 -0.495681059668153 -0.5
0.185185185185185 -0.495785270266621 -0.5
0.182926829268293 -0.49588577419536 -0.5
0.180722891566265 -0.495982744266647 -0.5
0.178571428571429 -0.496076343389669 -0.5
0.176470588235294 -0.49616672524017 -0.5
0.174418604651163 -0.49625403487837 -0.5
0.172413793103448 -0.496338409319281 -0.5
0.170454545454545 -0.496419978059813 -0.5
0.168539325842697 -0.496498863566031 -0.5
0.166666666666667 -0.496575181724252 -0.5
0.164835164835165 -0.496649042258915 -0.5
0.16304347826087 -0.496720549119852 -0.5
0.161290322580645 -0.496789800841604 -0.5
0.159574468085106 -0.496856890877073 -0.5
0.157894736842105 -0.496921907907533 -0.5
0.15625 -0.496984936130888 -0.5
0.154639175257732 -0.497046055529715 -0.5
0.153061224489796 -0.497105342121308 -0.5
0.151515151515152 -0.497162868190092 -0.5
0.15 -0.49721870250486 -0.5


1.5 -0.110692452888211 0
1.36363636363636 -0.112702927159872 0
1.25 -0.114326222122629 0
1.15384615384615 -0.115651626786226 0
1.07142857142857 -0.116745103271135 0
1 -0.117655950743988 0
0.9375 -0.118421439694292 0
0.882352941176471 -0.119070062354255 0
0.833333333333333 -0.119623834364797 0
0.789473684210526 -0.120099941177374 0
0.75 -0.120511927980469 0
0.714285714285714 -0.120870568644571 0
0.681818181818182 -0.121184506753566 0
0.652173913043478 -0.121460733202525 0
0.625 -0.121704945445405 0
0.6 -0.121921820211131 0
0.576923076923077 -0.122115222356855 0
0.555555555555556 -0.122288366159714 0
0.535714285714286 -0.122443940877092 0
0.517241379310345 -0.122584209237164 0
0.5 -0.122711085256575 0
0.483870967741935 -0.122826196148902 0
0.46875 -0.122930931899707 0
0.454545454545455 -0.123026485213142 0
0.441176470588235 -0.123113883891336 0
0.428571428571429 -0.123194017228483 0
0.416666666666667 -0.123267657641883 0
0.405405405405405 -0.123335478490482 0
0.394736842105263 -0.123398068824714 0
0.384615384615385 -0.123455945653165 0
0.375 -0.12350956418965 0
0.365853658536585 -0.123559326449682 0
0.357142857142857 -0.123605588491638 0
0.348837209302326 -0.123648666540077 0
0.340909090909091 -0.123688842183182 0
0.333333333333333 -0.123726366800073 0
0.326086956521739 -0.123761465345096 0
0.319148936170213 -0.123794339593155 0
0.3125 -0.123825170931602 0
0.306122448979592 -0.123854122769462 0
0.3 -0.12388134262243 0
0.294117647058824 -0.123906963922381 0
0.288461538461538 -0.123931107592106 0
0.283018867924528 -0.123953883419233 0
0.277777777777778 -0.123975391258049 0
0.272727272727273 -0.123995722083277 0
0.267857142857143 -0.124014958916213 0
0.263157894736842 -0.124033177640577 0
0.258620689655172 -0.12405044772275 0
0.254237288135593 -0.124066832848935 0
0.25 -0.124082391489998 0
0.245901639344262 -0.12409717740322 0
0.241935483870968 -0.124111240078805 0
0.238095238095238 -0.124124625137986 0
0.234375 -0.12413737468864 0
0.230769230769231 -0.124149527643462 0
0.227272727272727 -0.124161120005164 0
0.223880597014925 -0.12417218512253 0
0.220588235294118 -0.124182753920566 0
0.217391304347826 -0.124192855107923 0
0.214285714285714 -0.124202515363838 0
0.211267605633803 -0.124211759507076 0
0.208333333333333 -0.124220610648758 0
0.205479452054795 -0.124229090330666 0
0.202702702702703 -0.124237218650928 0
0.2 -0.124245014377878 0
0.197368421052632 -0.124252495053834 0
0.194805194805195 -0.12425967708945 0
0.192307692307692 -0.124266575849835 0
0.189873417721519 -0.124273205733012 0
0.1875 -0.124279580241757 0
0.185185185185185 -0.124285712049194 0
0.182926829268293 -0.124291613058973 0
0.180722891566265 -0.12429729446035 0
0.178571428571429 -0.124302766778761 0
0.176470588235294 -0.124308039922325 0
0.174418604651163 -0.12431312322452 0
0.172413793103448 -0.124318025483567 0
0.170454545454545 -0.124322754998577 0
0.168539325842697 -0.124327319603064 0
0.166666666666667 -0.12433172669574 0
0.164835164835165 -0.124335983268982 0
0.16304347826087 -0.124340095935237 0
0.161290322580645 -0.124344070951327 0
0.159574468085106 -0.12434791424111 0
0.157894736842105 -0.124351631416302 0
0.15625 -0.124355227796042 0
0.154639175257732 -0.124358708424802 0
0.153061224489796 -0.124362078089161 0
0.151515151515152 -0.124365341333401 0
0.15 -0.124368502473998 0


1.5 -0.0319105419516532 125
1.36363636363636 -0.0320289170172954 125
1.25 -0.0320609871547358 125
1.15384615384615 -0.0320366957801123 125
1.07142857142857 -0.0319757282228965 125
1 -0.031891211360967 125
0.9375 -0.0317919984900046 125
0.882352941176471 -0.0316841109665874 125
0.833333333333333 -0.0315716656290856 125
0.789473684210526 -0.031457481983056 125
0.75 -0.0313434860821886 125
0.714285714285714 -0.031230983041287 125
0.681818181818182 -0.0311208432801397 125
0.652173913043478 -0.0310136312699325 125
0.625 -0.0309096954362757 125
0.6 -0.0308092314949495 125
0.576923076923077 -0.0307123274113925 125
0.555555555555556 -0.0306189955191464 125
0.535714285714286 -0.0305291955820842 125
0.517241379310345 -0.0304428514164988 125
0.5 -0.0303598628994657 125
0.483870967741935 -0.0302801146503481 125
0.46875 -0.0302034822998252 125
0.454545454545455 -0.0301298370011765 125
0.441176470588235 -0.0300590486559355 125
0.428571428571429 -0.0299909881965422 125
0.416666666666667 -0.0299255291760215 125
0.405405405405405 -0.0298625488481178 125
0.394736842105263 -0.0298019288730166 125
0.384615384615385 -0.0297435557485812 125
0.375 -0.0296873210412703 125
0.365853658536585 -0.0296331214717821 125
0.357142857142857 -0.0295808588965738 125
0.348837209302326 -0.029530440215731 125
0.340909090909091 -0.0294817772300434 125
0.333333333333333 -0.0294347864641835 125
0.326086956521739 -0.0293893889685865 125
0.319148936170213 -0.0293455101092495 125
0.3125 -0.0293030793523 125
0.306122448979592 -0.029262030048195 125
0.3 -0.0292222992191637 125
0.294117647058824 -0.0291838273522311 125
0.288461538461538 -0.0291465581996285 125
0.283018867924528 -0.0291104385875556 125
0.277777777777778 -0.0290754182340104 125
0.272727272727273 -0.0290414495759348 125
0.267857142857143 -0.0290084876058015 125
0.263157894736842 -0.0289764897174799 125
0.258620689655172 -0.0289454155612185 125
0.254237288135593 -0.028915226907366 125
0.25 -0.0288858875185478 125
0.245901639344262 -0.0288573630298014 125
0.241935483870968 -0.028829620836366 125
0.238095238095238 -0.0288026299885711 125
0.234375 -0.0287763610936145 125
0.230769230769231 -0.0287507862234671 125
0.227272727272727 -0.0287258788289607 125
0.223880597014925 -0.0287016136593131 125
0.220588235294118 -0.0286779666868215 125
0.217391304347826 -0.0286549150365548 125
0.214285714285714 -0.0286324369204346 125
0.211267605633803 -0.0286105115756398 125
0.208333333333333 -0.0285891192069261 125
0.205479452054795 -0.0285682409325826 125
0.202702702702703 -0.0285478587339019 125
0.2 -0.0285279554077309 125
0.197368421052632 -0.0285085145220546 125
0.194805194805195 -0.028489520374343 125
0.192307692307692 -0.0284709579525228 125
0.189873417721519 -0.0284528128982041 125
0.1875 -0.0284350714723316 125
0.185185185185185 -0.0284177205228177 125
0.182926829268293 -0.0284007474541584 125
0.180722891566265 -0.028384140198846 125
0.178571428571429 -0.028367887190516 125
0.176470588235294 -0.0283519773386532 125
0.174418604651163 -0.0283364000047811 125
0.172413793103448 -0.0283211449800462 125
0.170454545454545 -0.0283062024640816 125
0.168539325842697 -0.0282915630451216 125
0.166666666666667 -0.0282772176811314 125
0.164835164835165 -0.028263157682179 125
0.16304347826087 -0.0282493746936553 125
0.161290322580645 -0.028235860680449 125
0.159574468085106 -0.0282226079120576 125
0.157894736842105 -0.0282096089484053 125
0.15625 -0.028196856626571 125
0.154639175257732 -0.0281843440481029 125
0.153061224489796 -0.028172064567039 125
0.151515151515152 -0.0281600117786829 125
0.15 -0.0281481795087389 125
