1 117 5
2 100 5
3 88 5
4 72 5
6 53 5
9 29.5 5
10 25.2 1
13 15.2 1
15 11.1 1


1 119.189567142981
1.25 114.195307360461
1.5 109.410316152139
1.75 104.825824783898
2 100.433431947538
2.25 96.225088364963
2.5 92.1930820374791
2.75 88.3300241131728
3 84.6288353464728
3.25 81.0827331250816
3.5 77.6852190405006
3.75 74.4300669793743
4 71.3113117138281
4.25 68.3232379698915
4.5 65.460369953975
4.75 62.7174613182064
5 60.089485546237
5.25 57.5716267419016
5.5 55.1592708038487
5.75 52.847996969971
6 50.6335697161389
6.25 48.5119309943926
6.5 46.479192796367
6.75 44.5316300283236
7 42.6656736847309
7.25 40.8779043078847
7.5 39.165045721582
7.75 37.5239590273648
8 35.9516368523335
8.25 34.4451978379861
8.5 33.0018813599857
8.75 31.6190424691795
9 30.2941470445978
9.25 29.0247671495514
9.5 27.8085765823173
9.75 26.6433466132581
10 25.5269419005646
10.25 24.4573165771352
10.5 23.4325105014238
10.75 22.450645665382
11 21.5099227529167
11.25 20.6086178425538
11.5 19.7450792482663
11.75 18.9177244926777
12 18.1250374070939
12.25 17.365565353048
12.5 16.6379165602689
12.75 15.9407575761928
13 15.272810822345
13.25 14.6328522531141
13.5 14.0197091126275
13.75 13.4322577856181
14 12.8694217383433
14.25 12.3301695457836
14.5 11.8135130015049
14.75 11.3185053067214
15 10.8442393352393
15.25 10.3898459711034
15.5 9.95449251589861
15.75 9.53738116278908


The half-life from the fit: 5.84043621710261 days
The half-life of 224-Ra is 3.6 days
The uncertainties of the fitting coefficients, fit to f(x)=c1+c2*x:
?c1 = 0.031751028085819
?c2 = 0.00424690724674443

The half-life with uncertainty:
lambda = 4.04828189712487 +- 0.100412737658525 day 
 which doesn't agree with the value within the uncertainty
The covariance matrix:

   0.00101  -0.000106 
 -0.000106    1.8e-05 
