-3 -0.999977878183746
-2.875 -0.999952120498609
-2.75 -0.999899364192553
-2.625 -0.999794624475268
-2.5 -0.999593063897966
-2.375 -0.999217092638692
-2.25 -0.998537325937439
-2.125 -0.997346019555679
-2 -0.995322065658113
-1.875 -0.991989972857186
-1.75 -0.986671705140703
-1.625 -0.978443755852627
-1.5 -0.966105158480227
-1.375 -0.948170076596395
-1.25 -0.922900174086641
-1.125 -0.888388222381254
-1 -0.842700786678431
-0.875 -0.784075056331063
-0.75 -0.711155227451777
-0.625 -0.623240609726938
-0.5 -0.520499717420397
-0.375 -0.404116865187405
-0.25 -0.276326357379288
-0.125 -0.140316198944738
0 0
0.125 0.140316198944738
0.25 0.276326357379288
0.375 0.404116865187404
0.5 0.520499717420397
0.625 0.623240609726938
0.75 0.711155227451777
0.875 0.784075056331063
1 0.842700786678431
1.125 0.888388222381254
1.25 0.922900174086641
1.375 0.948170076596395
1.5 0.966105158480228
1.625 0.978443755852626
1.75 0.986671705140703
1.875 0.991989972857186
2 0.995322065658113
2.125 0.997346019555679
2.25 0.998537325937439
2.375 0.999217092638692
2.5 0.999593063897967
2.625 0.999794624475268
2.75 0.999899364192554
2.875 0.999952120498609
3 0.999977878183746
