0.1 9.51350760020597
0.225 4.05295821526885
0.35 2.54614695418689
0.475 1.86458831617536
0.6 1.48919223700414
0.725 1.26015652897543
0.85 1.11248372918729
0.975 1.01506311765591
1.1 0.951350760020597
1.225 0.911915598435492
1.35 0.891151433965412
1.475 0.885679450183296
1.6 0.893515342202484
1.725 0.913613483507183
1.85 0.945611169809197
1.975 0.98968653971451
2.1 1.04648583602266
2.225 1.11709660808348
2.35 1.20305443585331
2.475 1.30637718902036
2.6 1.42962454752397
2.725 1.57598325904989
2.85 1.74938066414701
2.975 1.95463091593616
3.1 2.19762025564758
3.225 2.48553995298574
3.35 2.82717792425527
3.475 3.2332835428254
3.6 3.71702382356233
3.725 4.29455438091095
3.85 4.98573489281899
3.975 5.81502697491007
4.1 6.8126227925075
4.225 8.015866348379
4.35 9.47104604625516
4.475 11.2356603113182
4.6 13.3812857648244
4.725 15.9972150688933
4.85 19.1950793373531
4.975 23.1147322252675
5.1 27.9317534492807
5.225 33.8670353219013
5.35 41.1990503012099
5.475 50.2795798931492
5.6 61.5539145181923
5.725 75.5868412005208
5.85 93.0961347861626
5.975 114.995792820706
6.1 142.451942591332
6.225 176.955259556934
6.35 220.414919111473
6.475 275.280699914992
6.6 344.701921301877
6.725 432.734665872982
6.85 544.612388499051
6.975 687.099862103718
7.1 868.956849807123
7.225 1101.54649074192
7.35 1399.63473635785
7.475 1782.44253194957
7.6 2275.03268059239
7.725 2910.1406279958
7.85 3730.5948612185
7.975 4792.52153817343
