0 0
0.5 0.479425538604203
1 0.841470984807897
1.5 0.997494986604054
2 0.909297426825682
2.5 0.598472144103956
3 0.141120008059867
3.5 -0.35078322768962
4 -0.756802495307928
4.5 -0.977530117665097
5 -0.958924274663138
5.5 -0.705540325570392
6 -0.279415498198926
6.5 0.215119988087816
7 0.656986598718789


0 0 1.091029898801 0
0.00714285714285714 0.00777958307086505 1.08725336104121 2.78002093011469E-05
0.0142857142857143 0.0155321908720173 1.08347682328142 0.000111072092898869
0.0214285714285714 0.0232578234034568 1.07970028552164 0.000249622534334588
0.0285714285714286 0.0309564806651835 1.07592374776185 0.000443258417149726
0.0357142857142857 0.0386281626571975 1.07214721000206 0.000691786624885705
0.0428571428571429 0.0462728693794987 1.06837067224227 0.000995014041083947
0.05 0.0538906008320871 1.06459413448248 0.00135274754928587
0.0571428571428571 0.0614813570149627 1.06081759672269 0.00176479403303291
0.0642857142857143 0.0690451379281256 1.05704105896291 0.00223096037586647
0.0714285714285714 0.0765819435715756 1.05326452120312 0.00275105346132798
0.0785714285714286 0.0840917739453129 1.04948798344333 0.00332488017295887
0.0857142857142857 0.0915746290493375 1.04571144568354 0.00395224739430055
0.0928571428571429 0.0990305088836492 1.04193490792375 0.00463296200889445
0.1 0.106459413448248 1.03815837016396 0.00536683090028199
0.107142857142857 0.113861342743134 1.03438183240417 0.00615366095200458
0.114285714285714 0.121236296768308 1.03060529464439 0.00699325904760366
0.121428571428571 0.128584275523769 1.0268287568846 0.00788543207062064
0.128571428571429 0.135905279009516 1.02305221912481 0.00882998690459695
0.135714285714286 0.143199307225552 1.01927568136502 0.00982673043307401
0.142857142857143 0.150466360171874 1.01549914360523 0.0108754695395932
0.15 0.157706437848483 1.01172260584544 0.0119766813843919
0.157142857142857 0.16491954025538 1.00794606808566 0.0131289326835151
0.164285714285714 0.172105667392564 1.00416953032587 0.0143326097649732
0.171428571428571 0.179264819260035 1.00039299256608 0.0155875199465653
0.178571428571429 0.186396995857794 0.99661645480629 0.0168934705460906
0.185714285714286 0.19350219718584 0.992839917046502 0.0182502688813479
0.192857142857143 0.200580423244172 0.989063379286713 0.0196577222701366
0.2 0.207631674032793 0.985286841526925 0.0211156380302555
0.207142857142857 0.2146559495517 0.981510303767137 0.0226238234795039
0.214285714285714 0.221653249800895 0.977733766007348 0.0241820859356807
0.221428571428571 0.228623574780376 0.97395722824756 0.0257902327165851
0.228571428571429 0.235566924490145 0.970180690487771 0.0274480711400162
0.235714285714286 0.242483298930202 0.966404152727983 0.0291554085237729
0.242857142857143 0.249372698100545 0.962627614968194 0.0309120521856545
0.25 0.256235122001176 0.958851077208406 0.03271780944346
0.257142857142857 0.263070570632094 0.955074539448618 0.0345724876149884
0.264285714285714 0.269879043993299 0.951298001688829 0.0364758940180389
0.271428571428571 0.276660542084791 0.947521463929041 0.0384278359704105
0.278571428571429 0.283415064906571 0.943744926169252 0.0404281207899023
0.285714285714286 0.290142612458638 0.939968388409464 0.0424765557943134
0.292857142857143 0.296843184740992 0.936191850649675 0.0445729483014429
0.3 0.303516781753633 0.932415312889887 0.0467171056290898
0.307142857142857 0.310163403496562 0.928638775130099 0.0489088350950533
0.314285714285714 0.316783049969777 0.92486223737031 0.0511479440171323
0.321428571428571 0.32337572117328 0.921085699610522 0.053434239713126
0.328571428571428 0.32994141710707 0.917309161850733 0.0557675295008336
0.335714285714285 0.336480137771148 0.913532624090945 0.0581476206980539
0.342857142857143 0.342991883165512 0.909756086331157 0.0605743206225862
0.35 0.349476653290164 0.905979548571368 0.0630474365922296
0.357142857142857 0.355934448145103 0.90220301081158 0.065566775924783
0.364285714285714 0.36236526773033 0.898426473051791 0.0681321459380455
0.371428571428571 0.368769112045843 0.894649935292003 0.0707433539498164
0.378571428571428 0.375145981091644 0.890873397532215 0.0734002072778945
0.385714285714285 0.381495874867732 0.887096859772426 0.0761025132400791
0.392857142857142 0.387818793374107 0.883320322012638 0.0788500791541692
0.4 0.39411473661077 0.879543784252849 0.0816427123379638
0.407142857142857 0.400383704577719 0.875767246493061 0.0844802201092621
0.414285714285714 0.406625697274956 0.871990708733272 0.0873624097858632
0.421428571428571 0.41284071470248 0.868214170973484 0.090289088685566
0.428571428571428 0.419028756860292 0.864437633213696 0.0932600641261698
0.435714285714285 0.42518982374839 0.860661095453907 0.0962751434254735
0.442857142857142 0.431323915366776 0.856884557694119 0.0993341339012763
0.449999999999999 0.437431031715449 0.85310801993433 0.102436842871377
0.457142857142856 0.443511172794409 0.849331482174542 0.105583077653575
0.464285714285714 0.449564338603657 0.845554944414754 0.10877264556567
0.471428571428571 0.455590529143191 0.841778406654965 0.11200535392546
0.478571428571428 0.461589744413013 0.838001868895177 0.115281010050744
0.485714285714285 0.467561984413122 0.834225331135388 0.118599421259322
0.492857142857142 0.473507249143519 0.8304487933756 0.121960394868992
0.499999999999999 0.479425538604202 0.826672255615811 0.125363738197554
0.507142857142856 0.485319872943988 0.823741359524142 0.128809276532506
0.514285714285713 0.49119327231169 0.820810463432473 0.132296869491149
0.521428571428571 0.497045736707309 0.817879567340804 0.135826279474277
0.528571428571428 0.502877266130844 0.814948671249134 0.139397308741647
0.535714285714285 0.508687860582296 0.812017775157465 0.143009765309267
0.542857142857142 0.514477520061665 0.809086879065796 0.146663498763084
0.549999999999999 0.520246244568951 0.806155982974127 0.150358708341466
0.557142857142856 0.525994034104153 0.803225086882457 0.154095314873581
0.564285714285713 0.531720888667271 0.800294190790788 0.157873145551402
0.57142857142857 0.537426808258307 0.797363294699119 0.161691961956894
0.578571428571428 0.543111792877259 0.79443239860745 0.165551552414865
0.585714285714285 0.548775842524127 0.79150150251578 0.169451741499335
0.592857142857142 0.554418957198913 0.788570606424111 0.173392353784322
0.599999999999999 0.560041136901615 0.785639710332442 0.177373213843848
0.607142857142856 0.565642381632233 0.782708814240773 0.181391549889664
0.614285714285713 0.571222691390769 0.779777918149103 0.18545173896388
0.62142857142857 0.57678206617722 0.776847022057434 0.189551798731614
0.628571428571427 0.582320505991589 0.773916125965765 0.193691573777831
0.635714285714284 0.587838010833874 0.770985229874096 0.197870864204584
0.642857142857142 0.593334580704076 0.768054333782426 0.202089452118443
0.649999999999999 0.598810215602194 0.765123437690757 0.206347165071336
0.657142857142856 0.60426491552823 0.762192541599088 0.210643831126985
0.664285714285713 0.609698680482181 0.759261645507419 0.21497927834911
0.67142857142857 0.61511151046405 0.756330749415749 0.219353334801435
0.678571428571427 0.620503405473835 0.75339985332408 0.223765963423293
0.685714285714284 0.625874365511537 0.750468957232411 0.228215818337788
0.692857142857141 0.631224390577155 0.747538061140742 0.232704185907895
0.699999999999999 0.63655348067069 0.744607165049072 0.237230907746854
0.707142857142856 0.641861635792142 0.741676268957403 0.241795825467904
0.714285714285713 0.64714885594151 0.738745372865734 0.246398780684286
0.72142857142857 0.652415141118795 0.735814476774065 0.25103961500924
0.728571428571427 0.657660491323997 0.732883580682395 0.255724704231489
0.735714285714284 0.662884906557115 0.729952684590726 0.260441227139556
0.742857142857141 0.66808838681815 0.727021788499057 0.265194993766568
0.749999999999998 0.673270932107102 0.724090892407388 0.269985840912504
0.757142857142855 0.67843254242397 0.721159996315718 0.274813605377342
0.764285714285713 0.683573217768755 0.718229100224049 0.27967812396106
0.77142857142857 0.688692958141456 0.71529820413238 0.28457920741713
0.778571428571427 0.693791763542074 0.712367308040711 0.289516661643715
0.785714285714284 0.698869633970609 0.709436411949042 0.294490321851022
0.792857142857141 0.703926569427061 0.706505515857372 0.299500023283948
0.799999999999998 0.708962569911429 0.703574619765703 0.304545601187387
0.807142857142855 0.713977635423713 0.700643723674034 0.309626499421259
0.814285714285712 0.718971765963915 0.697712827582364 0.314745160884746
0.82142857142857 0.723944961532033 0.694781931490695 0.319899334237319
0.828571428571427 0.728897222128068 0.691851035399026 0.325088857270158
0.835714285714284 0.733828547752019 0.688920139307357 0.330313567774446
0.842857142857141 0.738738938403887 0.685989243215687 0.335573303541362
0.849999999999998 0.743628394083672 0.683058347124018 0.34086790236209
0.857142857142855 0.748496914791373 0.680127451032349 0.346197202027809
0.864285714285712 0.753344500526991 0.67719655494068 0.351561040329702
0.871428571428569 0.758171151290525 0.67426565884901 0.35695925505895
0.878571428571426 0.762976867081977 0.671334762757341 0.362391684006734
0.885714285714284 0.767761647901345 0.668403866665672 0.367858164964236
0.892857142857141 0.772525493748629 0.665472970574003 0.373358577285978
0.899999999999998 0.77726840462383 0.662542074482333 0.37889298886932
0.907142857142855 0.781990380526948 0.659611178390664 0.384461278932897
0.914285714285712 0.786691421457983 0.656680282298995 0.39006329254656
0.921428571428569 0.791371527416934 0.653749386207326 0.395698874780157
0.928571428571426 0.796030698403801 0.650818490115657 0.401367870703539
0.935714285714283 0.800668934418586 0.647887594023987 0.407070125386556
0.942857142857141 0.805286235461287 0.644956697932318 0.412805483899058
0.949999999999998 0.809882601531905 0.642025801840649 0.418573791310895
0.957142857142855 0.814458032630439 0.63909490574898 0.424374892691916
0.964285714285712 0.81901252875689 0.63616400965731 0.430208633111972
0.971428571428569 0.823546089911258 0.633233113565641 0.436074857640912
0.978571428571426 0.828058716093542 0.630302217473972 0.441973411348587
0.985714285714283 0.832550407303743 0.627371321382302 0.447904139304846
0.99285714285714 0.837021163541861 0.624440425290633 0.453866886579539
0.999999999999997 0.841470984807895 0.621509529198964 0.459861498242517
1.00714285714285 0.845878760881193 0.61266777132449 0.465887769617385
1.01428571428571 0.850223381541102 0.603826013450015 0.47194469017665
1.02142857142857 0.854504846787622 0.594984255575539 0.478031793807908
1.02857142857143 0.858723156620752 0.586142497701064 0.484149551163741
1.03571428571428 0.862878311040494 0.577300739826588 0.490298124313837
1.04285714285714 0.866970310046847 0.568458981952112 0.496477353447711
1.05 0.87099915363981 0.559617224077637 0.502686093828764
1.05714285714285 0.874964841819384 0.550775466203161 0.508921597258177
1.06428571428571 0.878867374585569 0.541933708328686 0.515184857138774
1.07142857142857 0.882706751938365 0.53309195045421 0.521475897452933
1.07857142857143 0.886482973877772 0.524250192579734 0.527794250960963
1.08571428571428 0.89019604040379 0.515408434705259 0.534142482391067
1.09285714285714 0.893845951516419 0.506566676830783 0.540511101813275
1.1 0.897432707215658 0.497724918956308 0.546907515594455
1.10714285714285 0.900956307501509 0.488883161081832 0.553329195423739
1.11428571428571 0.90441675237397 0.480041403207356 0.559775912158536
1.12142857142857 0.907814041833043 0.471199645332881 0.566247644091595
1.12857142857143 0.911148175878726 0.462357887458405 0.57274420485786
1.13571428571428 0.91441915451102 0.45351612958393 0.579260454527421
1.14285714285714 0.917626977729925 0.444674371709454 0.585801537077058
1.15 0.920771645535441 0.435832613834978 0.592366503241292
1.15714285714285 0.923853157927567 0.426990855960503 0.598955011390079
1.16428571428571 0.926871514906305 0.418149098086027 0.605565088468243
1.17142857142857 0.929826716471653 0.409307340211552 0.612196093964957
1.17857142857143 0.932718762623613 0.400465582337076 0.618847756933534
1.18571428571428 0.935547653362183 0.3916238244626 0.625519806427286
1.19285714285714 0.938313388687364 0.382782066588125 0.632211971499525
1.2 0.941015968599156 0.373940308713649 0.638923981203564
1.20714285714285 0.943655393097559 0.365098550839174 0.645655564592714
1.21428571428571 0.946231662182573 0.356256792964698 0.652422551773116
1.22142857142857 0.948744775854198 0.347415035090222 0.659192361203053
1.22857142857143 0.951194734112433 0.338573277215747 0.665979087991465
1.23571428571428 0.95358153695728 0.329731519341271 0.672781638828911
1.24285714285714 0.955905184388737 0.320889761466796 0.679599696952555
1.25 0.958165676406805 0.31204800359232 0.686431595978336
1.25714285714285 0.960363013011485 0.303206245717844 0.693284096337653
1.26428571428571 0.962497194202775 0.294364487843369 0.700151731115966
1.27142857142857 0.964568219980675 0.285522729968893 0.707033947336472
1.27857142857143 0.966576090345187 0.276680972094418 0.713930402024979
1.28571428571428 0.96852080529631 0.267839214219942 0.720840876054458
1.29285714285714 0.970402364834043 0.258997456345466 0.727766699910182
1.3 0.972220768958388 0.250155698470991 0.734702709493688
1.30714285714285 0.973976017669343 0.241313940596515 0.741651331631233
1.31428571428571 0.97566811096691 0.23247218272204 0.748598150937788
1.32142857142857 0.977297048851087 0.223630424847564 0.755576165703164
1.32857142857142 0.978862831321875 0.214788666973088 0.762576242291635
1.33571428571428 0.980365458379274 0.205946909098613 0.769573119440685
1.34285714285714 0.981804930023284 0.197105151224137 0.776580806033238
1.35 0.983181246253904 0.188263393349662 0.78359898053224
1.35714285714285 0.984494407071136 0.179421635475186 0.790627350809175
1.36428571428571 0.985744412474978 0.17057987760071 0.797665431571998
1.37142857142857 0.986931262465432 0.161738119726235 0.804711469722611
1.37857142857142 0.988054957042496 0.152896361851759 0.81176117480274
1.38571428571428 0.989115496206171 0.144054603977284 0.818822133463197
1.39285714285714 0.990112879956457 0.135212846102808 0.826092384348353
1.4 0.991047108293354 0.126371088228332 0.832966500616165
1.40714285714285 0.991918181216862 0.117529330353857 0.840048971970995
1.41428571428571 0.992726098726981 0.108687572479381 0.84713603420457
1.42142857142857 0.99347086082371 0.0998458146049056 0.854229178807496
1.42857142857142 0.994152467507051 0.09100405673043 0.86132806761932
1.43571428571428 0.994770918777002 0.0821622988559544 0.868432225674734
1.44285714285714 0.995326214633564 0.0733205409814788 0.875540389908006
1.45 0.995818355076738 0.0644787831070032 0.88265977635501
1.45714285714285 0.996247340106522 0.0556370252325277 0.889766773827391
1.46428571428571 0.996613169722916 0.0467952673580521 0.896884265326416
1.47142857142857 0.996915843925922 0.0379535094835765 0.904004147224268
1.47857142857142 0.997155362715539 0.0291117516091008 0.911126062778282
1.48571428571428 0.997331726091767 0.0202699937346252 0.918249655245794
1.49285714285714 0.997444934054605 0.0114282358601496 0.92537456788414
1.5 0.997494986604054 0.00258647798567402 0.932500157402655
1.50714285714285 0.997495198018489 -0.00252728194411143 0.93962527914713
1.51428571428571 0.997458882576281 -0.00764104187389467 0.946749607804159
1.52142857142857 0.997386040277433 -0.0127548018036779 0.953872673411005
1.52857142857142 0.997276671121943 -0.0178685617334612 0.960995363163852
1.53571428571428 0.997130775109812 -0.0229823216632444 0.968118036413205
1.54285714285714 0.99694835224104 -0.0280960815930277 0.975240093398054
1.55 0.996729402515626 -0.0332098415228109 0.982361207529066
1.55714285714285 0.996473925933571 -0.0383236014525942 0.989480225873115
1.56428571428571 0.996181922494875 -0.0434373613823774 0.996596268664755
1.57142857142857 0.995853392199537 -0.0485511213121606 1.00370832204314
1.57857142857142 0.995488335047558 -0.0536648812419439 1.01081587342973
1.58571428571428 0.995086751038938 -0.0587786411717271 1.0179272533155
1.59285714285714 0.994648640173676 -0.0638924011015104 1.02503811647433
1.6 0.994174002451773 -0.0690061610312936 1.03214136282424
1.60714285714285 0.993662837873229 -0.0741199209610769 1.03924235664993
1.61428571428571 0.993115146438044 -0.0792336808908601 1.04633877907228
1.62142857142857 0.992530928146217 -0.0843474408206434 1.05343021640922
1.62857142857142 0.991910182997749 -0.0894612007504266 1.06051239107642
1.63571428571428 0.991252910992639 -0.0945749606802099 1.06760068213167
1.64285714285714 0.990559112130889 -0.0996887206099931 1.07472516568352
1.65 0.989828786412497 -0.104802480539776 1.08174816362288
1.65714285714285 0.989061933837463 -0.10991624046956 1.08881627193556
1.66428571428571 0.988258554405789 -0.115030000399343 1.09587898649568
1.67142857142857 0.987418648117473 -0.120143760329126 1.10293351916589
1.67857142857142 0.986542214972515 -0.125257520258909 1.10998564870419
1.68571428571428 0.985629254970917 -0.130371280188693 1.11702660693698
1.69285714285714 0.984679768112677 -0.135485040118476 1.12406332614652
1.7 0.983693754397796 -0.140598800048259 1.13109221455514
1.70714285714285 0.982671213826273 -0.145712559978042 1.13812311028907
1.71428571428571 0.981612146398109 -0.150826319907826 1.14513975301823
1.72142857142857 0.980516552113304 -0.155940079837609 1.15214730891464
1.72857142857142 0.979384430971858 -0.161053839767392 1.15914542890011
1.73571428571428 0.97821578297377 -0.166167599697175 1.16613429204851
1.74285714285714 0.977010608119041 -0.171281359626959 1.17311532565401
1.74999999999999 0.975768906407671 -0.176395119556742 1.18008834353705
1.75714285714285 0.974490677839659 -0.181508879486525 1.18705302642914
1.76428571428571 0.973175922415006 -0.186622639416308 1.1940090571372
1.77142857142857 0.971824640133712 -0.191736399346092 1.20101356099256
1.77857142857142 0.970436830995776 -0.196850159275875 1.20794946830088
1.78571428571428 0.969012495001199 -0.201963919205658 1.21487364788991
1.79285714285714 0.967551632149981 -0.207077679135441 1.22173635315215
1.79999999999999 0.966054242442122 -0.212191439065225 1.22864808448814
1.80714285714285 0.964520325877621 -0.217305198995008 1.2355447079988
1.81428571428571 0.962949882456479 -0.222418958924791 1.24242123157481
1.82142857142857 0.961342912178695 -0.227532718854574 1.24929374757624
1.82857142857142 0.95969941504427 -0.232646478784358 1.25615506155343
1.83571428571428 0.958019391053204 -0.237760238714141 1.26300469723163
1.84285714285714 0.956302840205497 -0.242873998643924 1.26983843846602
1.84999999999999 0.954549762501148 -0.247987758573707 1.27666856749723
1.85714285714285 0.952760157940158 -0.25310151850349 1.28348053868928
1.86428571428571 0.950934026522527 -0.258215278433274 1.29027904442799
1.87142857142857 0.949071368248255 -0.263329038363057 1.29706379299483
1.87857142857142 0.947172183117341 -0.26844279829284 1.30383446348492
1.88571428571428 0.945236471129785 -0.273556558222623 1.31059229664854
1.89285714285714 0.943264232285589 -0.278670318152407 1.31733702331631
1.89999999999999 0.941255466584751 -0.28378407808219 1.32406752420641
1.90714285714285 0.939210174027272 -0.288897838011973 1.33077789496577
1.91428571428571 0.937128354613151 -0.294011597941756 1.33747823732621
1.92142857142857 0.93501000834239 -0.29912535787154 1.3441641782551
1.92857142857142 0.932855135214987 -0.304239117801323 1.35083523812682
1.93571428571428 0.930663735230942 -0.309352877731106 1.35749106606419
1.94285714285714 0.928435808390257 -0.31446663766089 1.36412936686506
1.94999999999999 0.92617135469293 -0.319580397590673 1.37075701861937
1.95714285714285 0.923870374138961 -0.324694157520456 1.37736714644583
1.96428571428571 0.921532866728352 -0.329807917450239 1.38395646186723
1.97142857142857 0.919158832461101 -0.334921677380022 1.3905678698379
1.97857142857142 0.916748271337208 -0.340035437309806 1.39712067304006
1.98571428571428 0.914301183356675 -0.345149197239589 1.40362746796606
1.99285714285714 0.9118175685195 -0.350262957169372 1.41014980849093
1.99999999999999 0.909297426825684 -0.355376717099155 1.41665413047149
2.00714285714285 0.906731850902695 -0.362984541337562 1.42314006078288
2.01428571428571 0.904111933378004 -0.37059236557597 1.4296071381077
2.02142857142857 0.90143767425161 -0.378200189814378 1.43605520225537
2.02857142857142 0.898709073523513 -0.385808014052787 1.44247885090913
2.03571428571428 0.895926131193713 -0.393415838291195 1.4488871243968
2.04285714285714 0.89308884726221 -0.401023662529603 1.45527298431639
2.04999999999999 0.890197221729005 -0.408631486768012 1.4616405676515
2.05714285714285 0.887251254594096 -0.41623931100642 1.46799792514588
2.06428571428571 0.884250945857484 -0.423847135244828 1.47432499724906
2.07142857142857 0.88119629551917 -0.431454959483236 1.4806303516228
2.07857142857142 0.878087303579153 -0.439062783721645 1.48691378191743
2.08571428571428 0.874923970037432 -0.446670607960053 1.4931772726742
2.09285714285714 0.871706294894009 -0.454278432198461 1.49941787728815
2.09999999999999 0.868434278148883 -0.46188625643687 1.50563677372781
2.10714285714285 0.865107919802054 -0.469494080675278 1.51183083966207
2.11428571428571 0.861727219853522 -0.477101904913686 1.51800329622336
2.12142857142857 0.858292178303287 -0.484709729152094 1.52413088292984
2.12857142857142 0.854802795151349 -0.492317553390503 1.53025024082104
2.13571428571428 0.851259070397708 -0.499925377628911 1.53634384117667
2.14285714285714 0.847661004042364 -0.507533201867319 1.54241152960421
2.14999999999999 0.844008596085318 -0.515141026105728 1.54845291922293
2.15714285714285 0.840301846526568 -0.522748850344136 1.55446845870222
2.16428571428571 0.836540755366116 -0.530356674582544 1.56046157607883
2.17142857142857 0.832725322603961 -0.537964498820952 1.56641765354153
2.17857142857142 0.828855548240102 -0.545572323059361 1.57234054434696
2.18571428571428 0.824931432274541 -0.553180147297769 1.57825979265579
2.19285714285714 0.820952974707277 -0.560787971536177 1.58413894279852
2.19999999999999 0.81692017553831 -0.568395795774586 1.58998692500772
2.20714285714285 0.81283303476764 -0.576003620012994 1.59580577704141
2.21428571428571 0.808691552395267 -0.583611444251402 1.60159734124687
2.22142857142856 0.804495728421192 -0.59121926848981 1.60735781543948
2.22857142857142 0.800245562845413 -0.598827092728219 1.61309026786744
2.23571428571428 0.795941055667931 -0.606434916966627 1.61879009723305
2.24285714285714 0.791582206888747 -0.614042741205035 1.62444345689349
2.24999999999999 0.78716901650786 -0.621650565443443 1.63008394174048
2.25714285714285 0.782701484525269 -0.629258389681852 1.63570346569253
2.26428571428571 0.778179610940976 -0.63686621392026 1.64127755202391
2.27142857142856 0.77360339575498 -0.644474038158668 1.64682142754947
2.27857142857142 0.768972838967281 -0.652081862397077 1.65233251708257
2.28571428571428 0.764287940577879 -0.659689686635485 1.65780772574715
2.29285714285714 0.759548700586774 -0.667297510873893 1.66324899307794
2.29999999999999 0.754755118993966 -0.674905335112301 1.66865854257201
2.30714285714285 0.749907195799455 -0.68251315935071 1.67402487641728
2.31428571428571 0.745004931003242 -0.690120983589118 1.67936713960168
2.32142857142856 0.740048324605325 -0.697728807827526 1.68467624356154
2.32857142857142 0.735037376605706 -0.705336632065935 1.68993943940521
2.33571428571428 0.729972087004383 -0.712944456304343 1.69517233869796
2.34285714285714 0.724852455801358 -0.720552280542751 1.70036940039844
2.34999999999999 0.71967848299663 -0.728160104781159 1.70552956650789
2.35714285714285 0.714450168590198 -0.735767929019568 1.7106524798977
2.36428571428571 0.709167512582064 -0.743375753257976 1.71573781589777
2.37142857142856 0.703830514972227 -0.750983577496384 1.72079365049666
2.37857142857142 0.698439175760688 -0.758591401734793 1.72579874842547
2.38571428571428 0.692993494947445 -0.766199225973201 1.73075992776992
2.39285714285714 0.687493472532499 -0.773807050211609 1.73569021821931
2.39999999999999 0.68193910851585 -0.781414874450017 1.74058130005984
2.40714285714285 0.676330402897499 -0.789022698688426 1.74543332058354
2.41428571428571 0.670667355677444 -0.796630522926834 1.75024351822336
2.42142857142856 0.664949966855687 -0.804238347165242 1.75501287319989
2.42857142857142 0.659178236432227 -0.81184617140365 1.75974091692631
2.43571428571428 0.653352164407063 -0.819453995642059 1.76442730892725
2.44285714285714 0.647471750780197 -0.827061819880467 1.76907428866813
2.44999999999999 0.641536995551628 -0.834669644118875 1.77367948964212
2.45714285714285 0.635547898721356 -0.842277468357284 1.7782425080972
2.46428571428571 0.629504460289381 -0.849885292595692 1.78275708946929
2.47142857142856 0.623406680255704 -0.8574931168341 1.78723363466387
2.47857142857142 0.617254558620323 -0.865100941072508 1.79166435047301
2.48571428571428 0.611048095383239 -0.872708765310917 1.79604564424384
2.49285714285714 0.604787290544453 -0.880316589549325 1.80038881478237
2.49999999999999 0.598472144103963 -0.887924413787733 1.80468758824511
2.50714285714285 0.59212709422402 -0.888689552596324 1.80894158259371
2.51428571428571 0.585776579066873 -0.889454691404908 1.8131486412621
2.52142857142856 0.579420598632521 -0.890219830213492 1.81730831543452
2.52857142857142 0.573059152920966 -0.890984969022076 1.82142822088371
2.53571428571428 0.566692241932206 -0.89175010783066 1.82549585764227
2.54285714285714 0.560319865666242 -0.892515246639244 1.82951669431888
2.54999999999999 0.553942024123074 -0.893280385447828 1.83350035832923
2.55714285714285 0.547558717302702 -0.894045524256412 1.83726770939929
2.56428571428571 0.541169945205125 -0.894810663064996 1.84132202651429
2.57142857142856 0.534775707830345 -0.89557580187358 1.84516456649827
2.57857142857142 0.52837600517836 -0.896340940682164 1.84896139095593
2.58571428571428 0.521970837249171 -0.897106079490747 1.85271396877848
2.59285714285713 0.515560204042778 -0.897871218299331 1.8564224975538
2.59999999999999 0.509144105559181 -0.898636357107915 1.86007954373981
2.60714285714285 0.502722541798379 -0.899401495916499 1.86369109643798
2.61428571428571 0.496295512760374 -0.900166634725083 1.86725905242721
2.62142857142856 0.489863018445164 -0.900931773533667 1.8707806700224
2.62857142857142 0.48342505885275 -0.901696912342251 1.87425716904755
2.63571428571428 0.476981633983132 -0.902462051150835 1.87768717270199
2.64285714285713 0.470532743836309 -0.903227189959419 1.88107205053879
2.64999999999999 0.464078388412283 -0.903992328768003 1.88441120555806
2.65714285714285 0.457618567711052 -0.904757467576587 1.88770044241313
2.66428571428571 0.451153281732617 -0.905522606385171 1.89094567295217
2.67142857142856 0.444682530476978 -0.906287745193754 1.89414546136784
2.67857142857142 0.438206313944135 -0.907052884002338 1.8973040660094
2.68571428571428 0.431724632134088 -0.907818022810922 1.90040964779677
2.69285714285713 0.425237485046836 -0.908583161619506 1.90346761483097
2.69999999999999 0.418744872682381 -0.90934830042809 1.90646961028496
2.70714285714285 0.412246795040721 -0.910113439236674 1.90943243762663
2.71428571428571 0.405743252121857 -0.910878578045258 1.91239288960127
2.72142857142856 0.399234243925789 -0.911643716853842 1.91527842548452
2.72857142857142 0.392719770452516 -0.912408855662426 1.91808256122366
2.73571428571428 0.38619983170204 -0.91317399447101 1.92085768108355
2.74285714285713 0.379674427674359 -0.913939133279594 1.92358920131998
2.74999999999999 0.373143558369474 -0.914704272088178 1.9262821353862
2.75714285714285 0.366607223787385 -0.915469410896761 1.92892633922522
2.76428571428571 0.360065423928092 -0.916234549705345 1.93151798206457
2.77142857142856 0.353518158791595 -0.916999688513929 1.93406661211404
2.77857142857142 0.346965428377893 -0.917764827322513 1.93656773804434
2.78571428571428 0.340407232686987 -0.918529966131097 1.93902273235085
2.79285714285713 0.333843571718877 -0.919295104939681 1.94143388537422
2.79999999999999 0.327274445473563 -0.920060243748265 1.94379567089828
2.80714285714285 0.320699853951045 -0.920825382556849 1.94610900126294
2.81428571428571 0.314119797151323 -0.921590521365433 1.94837645397915
2.82142857142856 0.307534275074396 -0.922355660174017 1.95059671131141
2.82857142857142 0.300943287720265 -0.923120798982601 1.95275400815992
2.83571428571428 0.29434683508893 -0.923885937791184 1.95488860597228
2.84285714285713 0.287744917180391 -0.924651076599768 1.95696462835076
2.84999999999999 0.281137533994648 -0.925416215408352 1.9589968901503
2.85714285714285 0.274524685531701 -0.926181354216936 1.9609810297576
2.86428571428571 0.267906371791549 -0.92694649302552 1.96291928469196
2.87142857142856 0.261282592774193 -0.927711631834104 1.96488611124948
2.87857142857142 0.254653348479633 -0.928476770642688 1.96672422966733
2.88571428571428 0.248018638907869 -0.929241909451272 1.96851017383089
2.89285714285713 0.241378464058901 -0.930007048259856 1.97024752579861
2.89999999999999 0.234732823932728 -0.93077218706844 1.97193864415555
2.90714285714285 0.228081718529352 -0.931537325877024 1.97359562930556
2.91428571428571 0.221425147848771 -0.932302464685608 1.975182714612
2.92142857142856 0.214763111890986 -0.933067603494191 1.97673573754384
2.92857142857142 0.208095610655997 -0.933832742302775 1.97824240657114
2.93571428571428 0.201422644143804 -0.934597881111359 1.97970250016864
2.94285714285713 0.194744212354406 -0.935363019919943 1.98111119505068
2.94999999999999 0.188060315287804 -0.936128158728527 1.98247701109273
2.95714285714285 0.181370952943999 -0.936893297537111 1.98379573070707
2.96428571428571 0.174676125322989 -0.937658436345695 1.98506713342467
2.97142857142856 0.167975832424774 -0.938423575154279 1.98627551018663
2.97857142857142 0.161270074249356 -0.939188713962863 1.98745140247506
2.98571428571428 0.154558850796734 -0.939953852771447 1.98857962022436
2.99285714285713 0.147842162066907 -0.940718991580031 1.98965987272184
2.99999999999999 0.141120008059876 -0.941484130388614 1.99069119489102
3.00714285714285 0.134390802808007 -0.942693340134624 1.99167328057542
3.0142857142857 0.127652960343667 -0.943902549880634 1.99260829006254
3.02142857142856 0.120906480666855 -0.945111759626645 1.99349697520244
3.02857142857142 0.114151363777572 -0.946320969372655 1.99434717723345
3.03571428571428 0.107387609675818 -0.947530179118665 1.99513506388201
3.04285714285713 0.100615218361591 -0.948739388864675 1.99587762429313
3.04999999999999 0.0938341898348937 -0.949948598610686 1.99657353785449
3.05714285714285 0.0870445240957245 -0.951157808356696 1.99721995758805
3.0642857142857 0.0802462211440838 -0.952367018102706 1.99781829351695
3.07142857142856 0.0734392809799716 -0.953576227848716 1.99836764588068
3.07857142857142 0.0666237036033879 -0.954785437594727 1.99886764877441
3.08571428571428 0.0597994890143327 -0.955994647340737 1.99931782621783
3.09285714285713 0.052966637212806 -0.957203857086747 1.9997174806702
3.09999999999999 0.0461251481988078 -0.958413066832757 2.00007112066413
3.10714285714285 0.0392750219723381 -0.959622276578768 2.00037273052477
3.1142857142857 0.0324162585333969 -0.960831486324778 2.00065603614549
3.12142857142856 0.0255488578819842 -0.962040696070788 2.00083415691345
3.12857142857142 0.0186728200180999 -0.963249905816798 2.00099298984857
3.13571428571428 0.0117881449417442 -0.964459115562808 2.00110132792672
3.14285714285713 0.004894832652917 -0.965668325308819 2.0011736496457
3.14999999999999 -0.0020071168483817 -0.966877535054829 2.00118525094511
3.15714285714285 -0.00891770356215192 -0.968086744800839 2.00113031162368
3.1642857142857 -0.0158369274883936 -0.969295954546849 2.00104214980762
3.17142857142856 -0.0227647886271069 -0.97050516429286 2.00092369636938
3.17857142857142 -0.0297012869782916 -0.97171437403887 2.00073570446297
3.18571428571428 -0.0366464225419478 -0.97292358378488 2.000496444506
3.19285714285713 -0.0436001953180755 -0.97413279353089 2.00020965742907
3.19999999999999 -0.0505626053066748 -0.975342003276901 1.99987326514518
3.20714285714285 -0.0575336525077455 -0.976551213022911 1.99948812116302
3.2142857142857 -0.0645133369212877 -0.977760422768921 1.99905346914216
3.22142857142856 -0.0715016585473015 -0.978969632514931 1.99856927575751
3.22857142857142 -0.0784986173857867 -0.980178842260942 1.99803413276438
3.23571428571428 -0.0855042134367434 -0.981388052006952 1.9974490825455
3.24285714285713 -0.0925184467001717 -0.982597261752962 1.99681568467081
3.24999999999999 -0.0995413171760714 -0.983806471498972 1.9961282928194
3.25714285714285 -0.106572824864443 -0.985015681244983 1.99539121899713
3.2642857142857 -0.113612969765285 -0.986224890990993 1.99460573677785
3.27142857142856 -0.1206617518786 -0.987434100737003 1.99376970999917
3.27857142857142 -0.127719171204385 -0.988643310483013 1.99288304495105
3.28571428571428 -0.134785227742643 -0.989852520229023 1.99194650602149
3.29285714285713 -0.141859921493371 -0.991061729975034 1.99095838421018
3.29999999999999 -0.148943252456572 -0.992270939721044 1.99037256930686
3.30714285714285 -0.156035220632243 -0.993480149467054 1.9888347645396
3.3142857142857 -0.163135826020387 -0.994689359213064 1.98769710745686
3.32142857142856 -0.170245068621001 -0.995898568959075 1.98650913134746
3.32857142857142 -0.177362948434088 -0.997107778705085 1.98526918337227
3.33571428571428 -0.184489465459645 -0.998316988451095 1.98397771679156
3.34285714285713 -0.191624619697675 -0.999526198197105 1.98263618528251
3.34999999999999 -0.198768411148175 -1.00073540794312 1.98124338413068
3.35714285714285 -0.205920839811148 -1.00194461768913 1.97980315761778
3.3642857142857 -0.213081905686591 -1.00315382743514 1.97833733812388
3.37142857142856 -0.220251608774507 -1.00436303718115 1.9767596838944
3.37857142857142 -0.227429949074894 -1.00557224692716 1.9751327789482
3.38571428571428 -0.234616926587752 -1.00678145667317 1.97348267459915
3.39285714285713 -0.241812541313082 -1.00799066641918 1.97178151781191
3.39999999999999 -0.249016793250883 -1.00919987616519 1.97002914104905
3.40714285714285 -0.256229682401156 -1.0104090859112 1.96822537710123
3.4142857142857 -0.2634512087639 -1.01161829565721 1.96636985825576
3.42142857142856 -0.270681372339116 -1.01282750540322 1.96446206602131
3.42857142857142 -0.277920173126803 -1.01403671514923 1.96249486149641
3.43571428571427 -0.285167611126962 -1.01524592489524 1.96048234934531
3.44285714285713 -0.292423686339592 -1.01645513464125 1.95842208321978
3.44999999999999 -0.299688398764694 -1.01766434438726 1.95630214027893
3.45714285714285 -0.306961748402267 -1.01887355413327 1.95413405474587
3.4642857142857 -0.314243735252312 -1.02008276387928 1.95191609876481
3.47142857142856 -0.321534359314828 -1.02129197362529 1.94964643557067
3.47857142857142 -0.328833620589816 -1.0225011833713 1.94732974976537
3.48571428571427 -0.336141519077275 -1.02371039311731 1.94495656896924
3.49285714285713 -0.343458054777206 -1.02491960286332 1.9425305156793
3.49999999999999 -0.350783227689608 -1.02612881260933 1.94005145098111
3.50714285714285 -0.358090873261576 -1.02001194754155 1.93751930242079
3.5142857142857 -0.365354826940202 -1.01389508247376 1.93493282582539
3.52142857142856 -0.372575088725487 -1.00777821740597 1.93229648993308
3.52857142857142 -0.37975165861743 -1.00166135233817 1.92960513405706
3.53571428571427 -0.386884536616032 -0.995544487270383 1.92687357677923
3.54285714285713 -0.393973722721293 -0.989427622202591 1.92408513717267
3.54999999999999 -0.401019216933212 -0.983310757134799 1.92124754532361
3.55714285714285 -0.40802101925179 -0.977193892067007 1.91835733650612
3.5642857142857 -0.414979129677026 -0.971077026999215 1.91544993066956
3.57142857142856 -0.421893548208921 -0.964960161931424 1.91245790070792
3.57857142857142 -0.428764274847475 -0.958843296863632 1.90941680346523
3.58571428571427 -0.435591309592687 -0.95272643179584 1.90632479910587
3.59285714285713 -0.442374652444558 -0.946609566728048 1.90318510075883
3.59999999999999 -0.449114303403088 -0.940492701660256 1.89999681558756
3.60714285714285 -0.455810262468276 -0.934375836592464 1.89678805617808
3.6142857142857 -0.462462529640123 -0.928258971524672 1.89347916088895
3.62142857142856 -0.469071104918629 -0.922142106456881 1.89015402810768
3.62857142857142 -0.475635988303793 -0.916025241389089 1.88677835986764
3.63571428571427 -0.482157179795616 -0.909908376321297 1.88335496510968
3.64285714285713 -0.488634679394097 -0.903791511253505 1.87988827292333
3.64999999999999 -0.495068487099237 -0.897674646185713 1.87637474350702
3.65714285714285 -0.501458602911036 -0.891557781117921 1.87281276802433
3.6642857142857 -0.507805026829493 -0.885440916050129 1.86920527584751
3.67142857142856 -0.514107758854609 -0.879324050982337 1.86555457737607
3.67857142857142 -0.520366798986384 -0.873207185914546 1.86186258610527
3.68571428571427 -0.526582147224817 -0.867090320846754 1.85812105069901
3.69285714285713 -0.532753803569909 -0.860973455778962 1.85433726669604
3.69999999999999 -0.538881768021659 -0.85485659071117 1.8505127848619
3.70714285714285 -0.544966040580068 -0.848739725643378 1.84664025542469
3.7142857142857 -0.551006621245136 -0.842622860575586 1.84272192373198
3.72142857142856 -0.557003510016862 -0.836505995507794 1.83876981881435
3.72857142857142 -0.562956706895247 -0.830389130440003 1.83476933574394
3.73571428571427 -0.568866211880291 -0.824272265372211 1.83072646554838
3.74285714285713 -0.574732024971993 -0.818155400304419 1.82664147028964
3.74999999999999 -0.580554146170354 -0.812038535236627 1.82251575868341
3.75714285714285 -0.586332575475373 -0.805921670168835 1.81836094011283
3.7642857142857 -0.592067312887051 -0.799804805101043 1.81409076851665
3.77142857142856 -0.597758358405388 -0.793687940033251 1.80989003791551
3.77857142857142 -0.603405712030384 -0.78757107496546 1.80560091367121
3.78571428571427 -0.609009373762037 -0.781454209897668 1.80127208104863
3.79285714285713 -0.61456934360035 -0.775337344829876 1.79690372139438
3.79999999999999 -0.620085621545321 -0.769220479762084 1.79250488163288
3.80714285714284 -0.625558207596951 -0.763103614694292 1.78804893838787
3.8142857142857 -0.63098710175524 -0.7569867496265 1.78355694324985
3.82142857142856 -0.636372304020187 -0.750869884558708 1.77903173141549
3.82857142857142 -0.641713814391793 -0.744753019490917 1.77446669926517
3.83571428571427 -0.647011632870057 -0.738636154423125 1.76986201415813
3.84285714285713 -0.65226575945498 -0.732519289355333 1.76522104474994
3.84999999999999 -0.657476194146562 -0.726402424287541 1.76054501120942
3.85714285714284 -0.662642936944802 -0.720285559219749 1.75583013077939
3.8642857142857 -0.667765987849701 -0.714168694151957 1.75107785314291
3.87142857142856 -0.672845346861259 -0.708051829084165 1.74629070547232
3.87857142857142 -0.677881013979475 -0.701934964016373 1.74146555247379
3.88571428571427 -0.68287298920435 -0.695818098948582 1.73660856069479
3.89285714285713 -0.687821272535883 -0.68970123388079 1.73171297551496
3.89999999999999 -0.692725863974075 -0.683584368812998 1.72678050633367
3.90714285714284 -0.697586763518926 -0.677467503745206 1.72181965766514
3.9142857142857 -0.702403971170435 -0.671350638677414 1.71682249845389
3.92142857142856 -0.707177486928603 -0.665233773609622 1.71178854143099
3.92857142857142 -0.71190731079343 -0.65911690854183 1.7067246113967
3.93571428571427 -0.716593442764915 -0.653000043474039 1.70161867770065
3.94285714285713 -0.721235882843059 -0.646883178406247 1.69648300522452
3.94999999999999 -0.725834631027861 -0.640766313338455 1.69131364774289
3.95714285714284 -0.730389687319323 -0.634649448270663 1.68611225082307
3.9642857142857 -0.734901051717442 -0.628532583202871 1.68087479274472
3.97142857142856 -0.739368724222221 -0.622415718135079 1.67560968902201
3.97857142857142 -0.743792704833658 -0.616298853067287 1.67031232737186
3.98571428571427 -0.748172993551753 -0.610181987999496 1.66498528870269
3.99285714285713 -0.752509590376508 -0.604065122931704 1.65962509479625
3.99999999999999 -0.75680249530792 -0.597948257863912 1.65423427724909
4.00714285714284 -0.761057585617852 -0.593477028916778 1.64881228082571
4.0142857142857 -0.76528073857816 -0.589005799969648 1.64336100300131
4.02142857142856 -0.769471954188847 -0.584534571022517 1.63788032053443
4.02857142857142 -0.773631232449911 -0.580063342075387 1.63236962738611
4.03571428571427 -0.777758573361352 -0.575592113128257 1.62682869695671
4.04285714285713 -0.781853976923171 -0.571120884181126 1.62125875635351
4.04999999999999 -0.785917443135368 -0.566649655233996 1.615654767588
4.05714285714284 -0.789948971997943 -0.562178426286866 1.6100313585367
4.0642857142857 -0.793948563510895 -0.557707197339735 1.60437726142635
4.07142857142856 -0.797916217674225 -0.553235968392605 1.59869283557231
4.07857142857142 -0.801851934487932 -0.548764739445475 1.5929578217404
4.08571428571427 -0.805755713952017 -0.544293510498344 1.58728253200651
4.09285714285713 -0.80962755606648 -0.539822281551214 1.58150932136894
4.09999999999999 -0.81346746083132 -0.535351052604084 1.57570280611574
4.10714285714284 -0.817275428246538 -0.530879823656953 1.5698579643676
4.1142857142857 -0.821051458312134 -0.526408594709823 1.56399815836951
4.12142857142856 -0.824795551028107 -0.521937365762692 1.55811446565497
4.12857142857142 -0.828507706394458 -0.517466136815562 1.55220701103769
4.13571428571427 -0.832187924411186 -0.512994907868432 1.54627696556691
4.14285714285713 -0.835836205078293 -0.508523678921301 1.5403253133047
4.14999999999999 -0.839452548395776 -0.504052449974171 1.53434061357851
4.15714285714284 -0.843036954363638 -0.499581221027041 1.52833206727344
4.1642857142857 -0.846589422981877 -0.49510999207991 1.52229948761193
4.17142857142856 -0.850109954250494 -0.49063876313278 1.51623593380237
4.17857142857142 -0.853598548169488 -0.48616753418565 1.5101486028241
4.18571428571427 -0.85705520473886 -0.481696305238519 1.50403765466722
4.19285714285713 -0.86047992395861 -0.477225076291389 1.49790400490003
4.19999999999999 -0.863872705828737 -0.472753847344259 1.49174943033247
4.20714285714284 -0.867233550349242 -0.468282618397128 1.48556668083753
4.2142857142857 -0.870562457520125 -0.463811389449998 1.47936053986127
4.22142857142856 -0.873859427341385 -0.459340160502867 1.47312600412011
4.22857142857142 -0.877124459813023 -0.454868931555737 1.46687872575055
4.23571428571427 -0.880357554935038 -0.450397702608607 1.46060219155733
4.24285714285713 -0.883558712707431 -0.445926473661476 1.45430662284518
4.24999999999999 -0.886727933130202 -0.441455244714346 1.44799324634996
4.25714285714284 -0.889865216203351 -0.436984015767216 1.44163942472858
4.2642857142857 -0.892970561926877 -0.432512786820085 1.43527002108213
4.27142857142856 -0.89604397030078 -0.428041557872955 1.42887850941647
4.27857142857142 -0.899085441325062 -0.423570328925824 1.42245949015644
4.28571428571427 -0.902094974999721 -0.419099099978694 1.41602612309245
4.29285714285713 -0.905072571324757 -0.414627871031564 1.4095746808265
4.29999999999999 -0.908018230300172 -0.410156642084433 1.40310749019177
4.30714285714284 -0.910931951925963 -0.405685413137303 1.39661629457301
4.3142857142857 -0.913813736202133 -0.401214184190173 1.39009730443906
4.32142857142856 -0.91666358312868 -0.396742955243042 1.38355853483634
4.32857142857141 -0.919481492705605 -0.392271726295912 1.37700000157654
4.33571428571427 -0.922267464932907 -0.387800497348782 1.37041886395854
4.34285714285713 -0.925021499810588 -0.383329268401651 1.3638692570203
4.34999999999999 -0.927743597338645 -0.378858039454521 1.3572063301864
4.35714285714284 -0.930433757517081 -0.374386810507391 1.35056914361051
4.3642857142857 -0.933091980345894 -0.36991558156026 1.34391341452474
4.37142857142856 -0.935718265825084 -0.36544435261313 1.33723765543122
4.37857142857141 -0.938312613954653 -0.360973123665999 1.33053728954752
4.38571428571427 -0.940875024734599 -0.356501894718869 1.32383157016579
4.39285714285713 -0.943405498164922 -0.352030665771739 1.31710016734034
4.39999999999999 -0.945904034245624 -0.347559436824608 1.31035096126392
4.40714285714284 -0.948370632976702 -0.343088207877478 1.30359275191983
4.4142857142857 -0.950805294358159 -0.338616978930348 1.29682483906367
4.42142857142856 -0.953208018389993 -0.334145749983217 1.2899998951842
4.42857142857141 -0.955578805072205 -0.329674521036087 1.28319470396696
4.43571428571427 -0.957917654404794 -0.325203292088957 1.2763608263201
4.44285714285713 -0.960224566387761 -0.320732063141826 1.2695122044991
4.44999999999999 -0.962499541021106 -0.316260834194696 1.26264515967599
4.45714285714284 -0.964742578304828 -0.311789605247565 1.25576127189722
4.4642857142857 -0.966953678238928 -0.307318376300435 1.24885984300744
4.47142857142856 -0.969132840823406 -0.302847147353305 1.24194703339138
4.47857142857141 -0.971280066058261 -0.298375918406174 1.23501651850532
4.48571428571427 -0.973395353943494 -0.293904689459044 1.22807033789027
4.49285714285713 -0.975478704479105 -0.289433460511914 1.22109644496751
4.49999999999999 -0.977530117665093 -0.284962231564783 1.21413608214867
4.50714285714284 -0.979532687286722 -0.275757262491402 1.20715198915001
4.5142857142857 -0.981469507129256 -0.26655229341801 1.20014086829817
4.52142857142856 -0.983340577192694 -0.257347324344619 1.19312895192962
4.52857142857141 -0.985145897477036 -0.248142355271228 1.18609987831121
4.53571428571427 -0.986885467982283 -0.238937386197837 1.17904509402726
4.54285714285713 -0.988559288708434 -0.229732417124446 1.1719915349741
4.54999999999999 -0.990167359655489 -0.220527448051055 1.16487201703457
4.55714285714284 -0.991709680823449 -0.211322478977663 1.1578442378521
4.5642857142857 -0.993186252212313 -0.202117509904272 1.15075905113622
4.57142857142856 -0.994597073822081 -0.192912540830881 1.14366031829991
4.57857142857141 -0.995942145652754 -0.18370757175749 1.136553312363
4.58571428571427 -0.997221467704331 -0.174502602684099 1.1294337616214
4.59285714285713 -0.998435039976813 -0.165297633610708 1.12230207137266
4.59999999999999 -0.999582862470198 -0.156092664537317 1.11516535254278
4.60714285714284 -1.00066493518449 -0.146887695463925 1.10802598439115
4.6142857142857 -1.00168125811968 -0.137682726390534 1.10088352263491
4.62142857142856 -1.00263183127578 -0.128477757317143 1.09372732692066
4.62857142857141 -1.00351665465278 -0.119272788243752 1.08655731049151
4.63571428571427 -1.00433572825069 -0.110067819170361 1.07938636841339
4.64285714285713 -1.0050890520695 -0.10086285009697 1.07219721903914
4.64999999999999 -1.00577662610922 -0.0916578810235785 1.06497880809701
4.65714285714284 -1.00639845036984 -0.0824529119501873 1.05783041801667
4.6642857142857 -1.00695452485137 -0.0732479428767962 1.05063966900665
4.67142857142856 -1.0074448495538 -0.064042973803405 1.0434455484244
4.67857142857141 -1.00786942447713 -0.0548380047300139 1.03624706824571
4.68571428571427 -1.00822824962137 -0.0456330356566227 1.02905355289729
4.69285714285713 -1.00852132498651 -0.0364280665832316 1.02184881077048
4.69999999999999 -1.00874865057256 -0.0272230975098404 1.0146579647425
4.70714285714284 -1.00891022637951 -0.0180181284364493 1.00743693117695
4.7142857142857 -1.00900605240736 -0.0088131593630581 1.00022931187398
4.72142857142856 -1.00903612865612 0.000391809710333035 0.993022099112774
4.72857142857141 -1.00900045512579 0.00959677878372417 0.985813070779846
4.73571428571427 -1.00889903181635 0.0188017478571154 0.978602969319925
4.74285714285713 -1.00873185872783 0.0280067169305065 0.971375813348385
4.74999999999998 -1.0084989358602 0.0372116860038976 0.964192757561528
4.75714285714284 -1.00820026321349 0.0464166550772888 0.956993938605104
4.7642857142857 -1.00783584078767 0.0556216241506799 0.949799261984481
4.77142857142856 -1.00740566858276 0.0648265932240711 0.942596441025937
4.77857142857141 -1.00690974659876 0.0740315622974623 0.93540367172839
4.78571428571427 -1.00634807483566 0.0832365313708534 0.92820155078325
4.79285714285713 -1.00572065329346 0.0924415004442446 0.921015642801319
4.79999999999998 -1.00502748197217 0.101646469517636 0.913933758968748
4.80714285714284 -1.00426856087178 0.110851438591027 0.90666455159096
4.8142857142857 -1.00344388999229 0.120056407664418 0.899496862415621
4.82142857142856 -1.00255346933372 0.129261376737809 0.892333227641645
4.82857142857141 -1.00159729889604 0.1384663458112 0.885004527751732
4.83571428571427 -1.00057537867927 0.147671314884592 0.878025344837274
4.84285714285713 -0.999487708683403 0.156876283957983 0.870878197782985
4.84999999999998 -0.998334288908441 0.166081253031374 0.86374291983926
4.85714285714284 -0.997115119354384 0.175286222104765 0.856617314805451
4.8642857142857 -0.99583020002123 0.184491191178156 0.849497642867149
4.87142857142856 -0.994479530908981 0.193696160251547 0.842385487386704
4.87857142857141 -0.993063112017637 0.202901129324938 0.835292426078044
4.88571428571427 -0.991580943347196 0.21210609839833 0.828206431356712
4.89285714285713 -0.990033024897661 0.221311067471721 0.82113105378175
4.89999999999998 -0.988419356669029 0.230516036545112 0.814079978293602
4.90714285714284 -0.986739938661302 0.239721005618503 0.807023434502112
4.9142857142857 -0.984994770874479 0.248925974691894 0.7999817026698
4.92142857142856 -0.983183853308561 0.258130943765285 0.792951371553436
4.92857142857141 -0.981307185963546 0.267335912838677 0.785932741205493
4.93571428571427 -0.979364768839437 0.276540881912068 0.778915818734847
4.94285714285713 -0.977356601936231 0.285745850985459 0.771937524373315
4.94999999999998 -0.97528268525393 0.29495082005885 0.764968501172737
4.95714285714284 -0.973143018792533 0.304155789132241 0.758003704477047
4.9642857142857 -0.970937602552041 0.313360758205632 0.751060151570141
4.97142857142856 -0.968666436532453 0.322565727279023 0.744133659899993
4.97857142857141 -0.966329520733769 0.331770696352415 0.737222235743098
4.98571428571427 -0.96392685515599 0.340975665425806 0.730327737780096
4.99285714285713 -0.961458439799115 0.350180634499197 0.723520846968205
4.99999999999998 -0.958924274663144 0.359385603572588 0.716594313079125
5.00714285714284 -0.956342195627971 0.363596526275824 0.709757162315637
5.0142857142857 -0.953730038573489 0.36780744897905 0.702934506987294
5.02142857142856 -0.951087803499699 0.372018371682275 0.696133534755289
5.02857142857141 -0.9484154904066 0.3762292943855 0.689347125688399
5.03571428571427 -0.945713099294192 0.380440217088725 0.682585925465891
5.04285714285713 -0.942980630162475 0.384651139791951 0.675880245124611
5.04999999999998 -0.94021808301145 0.388862062495176 0.669173533411029
5.05714285714284 -0.937425457841116 0.393072985198401 0.662418768029843
5.0642857142857 -0.934602754651473 0.397283907901626 0.655728741606471
5.07142857142856 -0.931749973442521 0.401494830604852 0.649053242357828
5.07857142857141 -0.928867114214261 0.405705753308077 0.642397702789089
5.08571428571427 -0.925954176966691 0.409916676011302 0.635769247309672
5.09285714285713 -0.923011161699813 0.414127598714528 0.629120775893122
5.09999999999998 -0.920038068413627 0.418338521417753 0.622582749227721
5.10714285714284 -0.917034897108131 0.422549444120978 0.616028700481493
5.1142857142857 -0.914001647783327 0.426760366824203 0.609498457677411
5.12142857142856 -0.910938320439214 0.430971289527429 0.602979073907097
5.12857142857141 -0.907844915075792 0.435182212230654 0.596484058603707
5.13571428571427 -0.904721431693062 0.439393134933879 0.590011442550421
5.14285714285713 -0.901567870291023 0.443604057637104 0.583572499077811
5.14999999999998 -0.898384230869675 0.44781498034033 0.577139054878485
5.15714285714284 -0.895170513429018 0.452025903043555 0.57073144084909
5.1642857142857 -0.891926717969053 0.45623682574678 0.564348032116724
5.17142857142855 -0.888652844489778 0.460447748450005 0.557969957436431
5.17857142857141 -0.885348892991195 0.464658671153231 0.551630329759188
5.18571428571427 -0.882014863473304 0.468869593856456 0.5453196310184
5.19285714285713 -0.878650755936103 0.473080516559681 0.539051496344724
5.19999999999998 -0.875256570379594 0.477291439262906 0.532781162489454
5.20714285714284 -0.871832306803776 0.481502361966132 0.52653566797189
5.2142857142857 -0.868377965208649 0.485713284669357 0.520331196998738
5.22142857142855 -0.864893545594214 0.489924207372582 0.514137728999689
5.22857142857141 -0.861379047960469 0.494135130075807 0.507973154237819
5.23571428571427 -0.857834472307416 0.498346052779033 0.501833177920835
5.24285714285713 -0.854259818635055 0.502556975482258 0.495753116981928
5.24999999999998 -0.850655086943384 0.506767898185483 0.48965341292696
5.25714285714284 -0.847020277232405 0.510978820888708 0.483588381393001
5.2642857142857 -0.843355389502117 0.515189743591934 0.477546465910164
5.27142857142855 -0.83966042375252 0.519400666295159 0.471532919143442
5.27857142857141 -0.835935379983615 0.523611588998384 0.465550940872382
5.28571428571427 -0.832180258195401 0.527822511701609 0.459616467256927
5.29285714285713 -0.828395058387878 0.532033434404835 0.453644527115749
5.29999999999998 -0.824579780561046 0.53624435710806 0.447741758306867
5.30714285714284 -0.820734424714905 0.540455279811285 0.44186623825858
5.3142857142857 -0.816858990849456 0.54466620251451 0.435963814481623
5.32142857142855 -0.812953478964698 0.548877125217736 0.430196206739582
5.32857142857141 -0.809017889060631 0.553088047920961 0.424404785298348
5.33571428571427 -0.805052221137256 0.557298970624186 0.418640496894531
5.34285714285713 -0.801056475194572 0.561509893327411 0.41290642556876
5.34999999999998 -0.797030651232578 0.565720816030637 0.407195959967014
5.35714285714284 -0.792974749251277 0.569931738733862 0.401513489208317
5.3642857142857 -0.788888769250666 0.574142661437087 0.395831769841344
5.37142857142855 -0.784772711230747 0.578353584140312 0.390236947209528
5.37857142857141 -0.780626575191519 0.582564506843538 0.384650519160873
5.38571428571427 -0.776450361132982 0.586775429546763 0.379093767618003
5.39285714285713 -0.772244069055137 0.590986352249988 0.373564025170628
5.39999999999998 -0.768007698957982 0.595197274953214 0.368067475595567
5.40714285714284 -0.763741250841519 0.599408197656439 0.362598067678237
5.4142857142857 -0.759444724705748 0.603619120359664 0.357160789925819
5.42142857142855 -0.755118120550667 0.607830043062889 0.351745876108357
5.42857142857141 -0.750761438376278 0.612040965766115 0.346368629169832
5.43571428571427 -0.74637467818258 0.61625188846934 0.341020591113103
5.44285714285713 -0.741957839969573 0.620462811172565 0.335706111663611
5.44999999999998 -0.737510923737257 0.62467373387579 0.330421716822258
5.45714285714284 -0.733033929485633 0.628884656579015 0.325170953516049
5.4642857142857 -0.7285268572147 0.633095579282241 0.319956755016247
5.47142857142855 -0.723989706924458 0.637306501985466 0.314756170883459
5.47857142857141 -0.719422478614908 0.641517424688691 0.309601168972795
5.48571428571427 -0.714825172286048 0.645728347391917 0.304476961895971
5.49285714285713 -0.71019778793788 0.649939270095142 0.299402224378593
5.49999999999998 -0.705540325570404 0.654150192798367 0.294334100158981
5.50714285714284 -0.700847609962462 0.659810177425351 0.28931121715417
5.5142857142857 -0.696114465892899 0.665470162052338 0.284319989297473
5.52142857142855 -0.691340893361714 0.671130146679325 0.27936768187162
5.52857142857141 -0.686526892368908 0.676790131306312 0.274446862953239
5.53571428571427 -0.681672462914481 0.6824501159333 0.269566030326407
5.54285714285712 -0.676777604998433 0.688110100560287 0.264714464087614
5.54999999999998 -0.671842318620763 0.693770085187274 0.259896390972323
5.55714285714284 -0.666866603781472 0.699430069814261 0.255115509973032
5.5642857142857 -0.661850460480559 0.705090054441249 0.250367629788786
5.57142857142855 -0.656793888718025 0.710750039068236 0.245656730974779
5.57857142857141 -0.65169688849387 0.716410023695223 0.240983108381669
5.58571428571427 -0.646559459808093 0.72207000832221 0.236347237156619
5.59285714285712 -0.641381602660696 0.727729992949198 0.231752328369697
5.59999999999998 -0.636163317051676 0.733389977576185 0.227187308066776
5.60714285714284 -0.630904602981036 0.739049962203172 0.222654575048596
5.6142857142857 -0.625605460448774 0.744709946830159 0.218168887628788
5.62142857142855 -0.620265889454891 0.750369931457147 0.213803532778178
5.62857142857141 -0.614885889999386 0.756029916084134 0.20931487679284
5.63571428571427 -0.60946546208226 0.761689900711121 0.20494849988717
5.64285714285712 -0.604004605703513 0.767349885338109 0.200633655475551
5.64999999999998 -0.598503320863145 0.773009869965096 0.19634158052083
5.65714285714284 -0.592961607561155 0.778669854592083 0.192137191108004
5.6642857142857 -0.587379465797543 0.78432983921907 0.187861576035972
5.67142857142855 -0.581756895572311 0.789989823846058 0.183663393092481
5.67857142857141 -0.576093896885457 0.795649808473045 0.179576575464226
5.68571428571427 -0.570390469736982 0.801309793100032 0.175426717026813
5.69285714285712 -0.564646614126885 0.806969777727019 0.171388928550373
5.69999999999998 -0.558862330055167 0.812629762354007 0.167371193512735
5.70714285714284 -0.553037617521828 0.818289746980994 0.163401450596286
5.7142857142857 -0.547172476526867 0.823949731607981 0.159471813639948
5.72142857142855 -0.541266907070285 0.829609716234968 0.155582967961345
5.72857142857141 -0.535320909152082 0.835269700861956 0.151736212889083
5.73571428571427 -0.529334482772257 0.840929685488943 0.14793332439948
5.74285714285712 -0.523307627930811 0.84658967011593 0.144173091258717
5.74999999999998 -0.517240344627744 0.852249654742917 0.140452491091307
5.75714285714284 -0.511132632863055 0.857909639369905 0.136778297465968
5.7642857142857 -0.504984492636746 0.863569623996892 0.133114564257935
5.77142857142855 -0.498795923948814 0.869229608623879 0.129557535752963
5.77857142857141 -0.492566926799262 0.874889593250866 0.126022231464139
5.78571428571427 -0.486297501188088 0.880549577877854 0.122547340961004
5.79285714285712 -0.479987647115292 0.886209562504841 0.119090007921739
5.79999999999998 -0.473637364580876 0.891869547131828 0.113956139471722
5.80714285714284 -0.467246653584838 0.897529531758815 0.112344593640626
5.8142857142857 -0.460815514127178 0.903189516385803 0.109025214936908
5.82142857142855 -0.454343946207898 0.90884950101279 0.105754967347097
5.82857142857141 -0.447831949826996 0.914509485639777 0.102525738690382
5.83571428571427 -0.441279524984472 0.920169470266764 0.0993544608791186
5.84285714285712 -0.434686671680328 0.925829454893752 0.0962241138938966
5.84999999999998 -0.428053389914562 0.931489439520739 0.0931419263992439
5.85714285714284 -0.421379679687174 0.937149424147726 0.0901089528495249
5.8642857142857 -0.414665540998166 0.942809408774713 0.0870881109489636
5.87142857142855 -0.407910973847536 0.948469393401701 0.0841459961267503
5.87857142857141 -0.401115978235284 0.954129378028688 0.0812578026408879
5.88571428571427 -0.394280554161412 0.959789362655675 0.0784178224891521
5.89285714285712 -0.387404701625917 0.965449347282662 0.0756553126268174
5.89999999999998 -0.380488420628802 0.97110933190965 0.0729115533187534
5.90714285714284 -0.373531711170065 0.976769316536637 0.0702154982790026
5.9142857142857 -0.366534573249707 0.982429301163624 0.067560433629448
5.92142857142855 -0.359497006867728 0.988089285790611 0.0649668389166387
5.92857142857141 -0.352419012024127 0.993749270417599 0.0624241703687647
5.93571428571427 -0.345300588718905 0.999409255044586 0.0599415596344604
5.94285714285712 -0.338141736952062 1.00506923967157 0.0575049391537288
5.94999999999998 -0.330942456723597 1.01072922429856 0.0550497199453788
5.95714285714284 -0.323702748033511 1.01638920892555 0.0527665562832769
5.96428571428569 -0.316422610881804 1.02204919355253 0.0504787046412858
5.97142857142855 -0.309102045268475 1.02770917817952 0.0482468290811664
5.97857142857141 -0.301741051193525 1.03336916280651 0.0460619437794654
5.98571428571427 -0.294339628656953 1.0390291474335 0.0439296411732768
5.99285714285712 -0.28689777765876 1.04468913206048 0.0418422834569845
5.99999999999998 -0.279415498198946 1.05034911668747 0.0398441761735047
6.00714285714284 -0.27191925738017 1.04859831256995 0.0378992054911613
6.01428571428569 -0.26443552230509 1.04684750845241 0.0359826313060028
6.02142857142855 -0.256964292973707 1.04509670433486 0.0341222206683502
6.02857142857141 -0.249505569386021 1.04334590021732 0.0323130252146586
6.03571428571427 -0.242059351542031 1.04159509609978 0.0305575623307566
6.04285714285712 -0.234625639441738 1.03984429198223 0.0288677125611385
6.04999999999998 -0.227204433085142 1.03809348786469 0.0271943796538217
6.05714285714284 -0.219795732472243 1.03634268374715 0.0255924333924129
6.06428571428569 -0.21239953760304 1.0345918796296 0.0240398185116808
6.07142857142855 -0.205015848477534 1.03284107551206 0.0225212924781701
6.07857142857141 -0.197644665095725 1.03109027139452 0.0210994672705651
6.08571428571427 -0.190285987457612 1.02933946727698 0.0197146017639509
6.09285714285712 -0.182939815563197 1.02758866315943 0.0183850144265862
6.09999999999998 -0.175606149412478 1.02583785904189 0.0171069395859871
6.10714285714284 -0.168284989005455 1.02408705492435 0.0158714563196922
6.11428571428569 -0.16097633434213 1.0223362508068 0.0146980727160815
6.12142857142855 -0.153680185422501 1.02058544668926 0.0135726478980498
6.12857142857141 -0.146396542246569 1.01883464257172 0.0125020020434394
6.13571428571427 -0.139125404814334 1.01708383845418 0.0114782819869144
6.14285714285712 -0.131866773125795 1.01533303433663 0.0105144195728877
6.14999999999998 -0.124620647180953 1.01358223021909 0.00959772190570929
6.15714285714284 -0.117387026979808 1.01183142610155 0.00873692224196709
6.16428571428569 -0.11016591252236 1.010080621984 0.00792339519796781
6.17142857142855 -0.102957303808608 1.00832981786646 0.00716169418259915
6.17857142857141 -0.0957612008385534 1.00657901374892 0.00649920476578481
6.18571428571427 -0.0885776036121952 1.00482820963137 0.00579278992872534
6.19285714285712 -0.0814065121295338 1.00307740551383 0.00518732834044777
6.19999999999998 -0.0742479263905691 1.00132660139629 0.00464126959038924
6.20714285714284 -0.0671018463953012 0.999575797278746 0.00413727074703019
6.21428571428569 -0.0599682721437299 0.997824993161203 0.00368219584119234
6.22142857142855 -0.0528472036358555 0.99607418904366 0.00324269484358686
6.22857142857141 -0.0457386408716777 0.994323384926117 0.00291658314230281
6.23571428571427 -0.0386425838511967 0.992572580808574 0.00261864139698886
6.24285714285712 -0.0315590325744124 0.990821776691031 0.00236492008647504
6.24999999999998 -0.0244879870413249 0.989070972573488 0.00217466268526256
6.25714285714284 -0.0174294472519341 0.987320168455945 0.00201814922946131
6.26428571428569 -0.01038341320624 0.985569364338402 0.00191416575914527
6.27142857142855 -0.00334988490424266 0.983818560220859 0.00186253437305672
6.27857142857141 0.00367113765405795 0.982067756103316 0.00186060842469948
6.28571428571427 0.0106796544686618 0.980316951985773 0.00191212230255422
6.29285714285712 0.0176756655395689 0.97856614786823 0.00201796019942191
6.29999999999998 0.0246591708667793 0.976815343750687 0.00219438983118803
6.30714285714284 0.031630170450293 0.975064539633144 0.00239141873214344
6.31428571428569 0.0385886642901099 0.973313735515601 0.00263973005819396
6.32142857142855 0.0455346523862301 0.971562931398058 0.00295705853503603
6.32857142857141 0.0524681347386535 0.969812127280515 0.00328382668671745
6.33571428571426 0.0593891113473802 0.968061323162972 0.00368824956502012
6.34285714285712 0.0662975822124102 0.966310519045429 0.00413579450966184
6.34999999999998 0.0731935473337435 0.964559714927886 0.0046321436928809
6.35714285714284 0.08007700671138 0.962808910810343 0.00518446191198874
6.36428571428569 0.0869479603453197 0.9610581066928 0.00577246356350103
6.37142857142855 0.0938064082355628 0.959307302575257 0.00641603664096957
6.37857142857141 0.100652350382109 0.957556498457714 0.00711640538808123
6.38571428571426 0.107485786784959 0.955805694340171 0.00786025738602802
6.39285714285712 0.114306717444112 0.954054890222628 0.00865163911894884
6.39999999999998 0.121115142359568 0.952304086105086 0.00949266277912142
6.40714285714284 0.127911061531327 0.950553281987543 0.0103844013501724
6.41428571428569 0.13469447495939 0.948802477869999 0.0113269815051782
6.42142857142855 0.141465382643755 0.947051673752457 0.0123084832538718
6.42857142857141 0.148223784584425 0.945300869634914 0.0133435568252203
6.43571428571426 0.154969680781397 0.943550065517371 0.0144130423329518
6.44285714285712 0.161703071234673 0.941799261399828 0.0155453334752798
6.44999999999998 0.168423955944252 0.940048457282285 0.0167361265429991
6.45714285714284 0.175132334910134 0.938297653164742 0.017968237103871
6.46428571428569 0.181828208132319 0.936546849047199 0.0192319788477924
6.47142857142855 0.188511575610808 0.934796044929656 0.0205661162700728
6.47857142857141 0.1951824373456 0.933045240812113 0.0219384133348741
6.48571428571426 0.201840793336695 0.93129443669457 0.0233567990610049
6.49285714285712 0.208486643584094 0.929543632577027 0.0248476773324435
6.49999999999998 0.215119988087796 0.927792828459484 0.0263495964671951
6.50714285714284 0.221742583841364 0.926533982539553 0.0279231141208964
6.51428571428569 0.228356187838361 0.925275136619624 0.0295357643147192
6.52142857142855 0.234960800078787 0.924016290699694 0.0311669299596113
6.52857142857141 0.241556420562642 0.922757444779765 0.0328643711591732
6.53571428571426 0.248143049289926 0.921498598859835 0.0346106300352023
6.54285714285712 0.25472068626064 0.920239752939906 0.0364063495333407
6.54999999999998 0.261289331474782 0.918980907019976 0.0382498408777519
6.55714285714284 0.267848984932353 0.917722061100047 0.0401291026245734
6.56428571428569 0.274399646633354 0.916463215180117 0.0420677608256472
6.57142857142855 0.280941316577784 0.915204369260188 0.0440484798832492
6.57857142857141 0.287473994765642 0.913945523340258 0.0461340963826469
6.58571428571426 0.29399768119693 0.912686677420329 0.0481650897791972
6.59285714285712 0.300512375871647 0.911427831500399 0.0502760085885763
6.59999999999998 0.307018078789793 0.91016898558047 0.0524472447667126
6.60714285714284 0.313514789951368 0.90891013966054 0.0546545164662211
6.61428571428569 0.320002509356372 0.907651293740611 0.0569171553354126
6.62142857142855 0.326481237004805 0.906392447820682 0.059227850086353
6.62857142857141 0.332950972896668 0.905133601900752 0.0616237815422316
6.63571428571426 0.339411717031959 0.903874755980823 0.0640215856878101
6.64285714285712 0.345863469410679 0.902615910060893 0.0664678958158234
6.64999999999998 0.352306230032829 0.901357064140964 0.0689604659079825
6.65714285714284 0.358739998898407 0.900098218221034 0.0714986147062915
6.66428571428569 0.365164776007415 0.898839372301105 0.0740730948393531
6.67142857142855 0.371580561359852 0.897580526381175 0.0766721298991799
6.67857142857141 0.377987354955717 0.896321680461246 0.07934451259867
6.68571428571426 0.384385156795012 0.895062834541316 0.0820842918797287
6.69285714285712 0.390773966877736 0.893803988621387 0.084853940703544
6.69999999999998 0.397153785203889 0.892545142701457 0.0876684370142153
6.70714285714284 0.403524611773471 0.891286296781528 0.0905325655412239
6.71428571428569 0.409886446586482 0.890027450861598 0.0934071102123706
6.72142857142855 0.416239289642922 0.888768604941669 0.0963830281799671
6.72857142857141 0.422583140942792 0.887509759021739 0.0993800201705064
6.73571428571426 0.42891800048609 0.88625091310181 0.102402781438425
6.74285714285712 0.435243868272818 0.884992067181881 0.105505543036534
6.74999999999998 0.441560744302974 0.883733221261951 0.108626378370581
6.75714285714283 0.44786862857656 0.882474375342022 0.111813961301692
6.76428571428569 0.454167521093574 0.881215529422092 0.115041109043704
6.77142857142855 0.460457421854018 0.879956683502163 0.118310755728441
6.77857142857141 0.466738330857891 0.878697837582233 0.121619455067004
6.78571428571426 0.473010248105193 0.877438991662304 0.124973361138087
6.79285714285712 0.479273173595924 0.876180145742374 0.128373064730695
6.79999999999998 0.485527107330084 0.874921299822445 0.132100255446156
6.80714285714283 0.491772049307673 0.873662453902515 0.135305942767959
6.81428571428569 0.498007999528691 0.872403607982586 0.138829329763947
6.82142857142855 0.504234957993138 0.871144762062656 0.142421859021437
6.82857142857141 0.510452924701015 0.869885916142727 0.146044588121294
6.83571428571426 0.51666189965232 0.868627070222797 0.149711547880892
6.84285714285712 0.522861882847055 0.867368224302868 0.153426585114359
6.84999999999998 0.529052874285218 0.866109378382938 0.157184521616229
6.85714285714283 0.535234873966811 0.864850532463009 0.160986815590692
6.86428571428569 0.541407881891833 0.863591686543079 0.16481341349802
6.87142857142855 0.547571898060284 0.86233284062315 0.16870361933664
6.87857142857141 0.553726922472163 0.861073994703221 0.172543135615773
6.88571428571426 0.559872955127472 0.859815148783291 0.176627377781253
6.89285714285712 0.56600999602621 0.858556302863362 0.18064787891026
6.89999999999998 0.572138045168377 0.857297456943432 0.184708088293814
6.90714285714283 0.578257102553974 0.856038611023503 0.188818590058459
6.91428571428569 0.584367168182999 0.854779765103573 0.1929755563098
6.92142857142855 0.590468242055453 0.853520919183644 0.197180796062121
6.92857142857141 0.596560324171337 0.852262073263714 0.201422800367763
6.93571428571426 0.602643414530649 0.851003227343785 0.205700830986508
6.94285714285712 0.608717513133391 0.849744381423855 0.210024004122933
6.94999999999998 0.614782619979561 0.848485535503926 0.214385250152321
6.95714285714283 0.620838735069161 0.847226689583996 0.21879571550441
6.96428571428569 0.62688585840219 0.845967843664067 0.223259560772721
6.97142857142855 0.632923989978648 0.844708997744137 0.227761044881319
6.97857142857141 0.638953129798534 0.843450151824208 0.232302896770512
6.98571428571426 0.64497327786185 0.842191305904278 0.237025001329149
6.99285714285712 0.650984434168596 0.840932459984349 0.241663226648408
6.99999999999998 0.65698659871877 0.83967361406442 0.246183804882633
