0.0625 0.0624593350604504 0.998047868804959
0.125 0.124674812488115 0.992198379889927
0.1875 0.186403481953402 0.98247437259408
0.25 0.247404293927576 0.968913816187248
0.3125 0.307439040977551 0.951569661611546
0.375 0.366273287963041 0.930509634719779
0.4375 0.423677287503638 0.90581597181798
0.5 0.479426877140958 0.877585098544735
0.5625 0.533304354692414 0.84592725334123
0.625 0.585099328378374 0.810966056982316
0.6875 0.634609538402959 0.772838029849532
0.75 0.681641646780202 0.73169205883108
0.8125 0.726011992321285 0.68768881593047
0.875 0.767547307834626 0.641000130854111
0.9375 0.806085396738141 0.591808320027856
1 0.841475766441484 0.540305474662641
1.0625 0.873580216024891 0.486692710649282
1.125 0.902273375919741 0.431179383211545
1.1875 0.927443197483321 0.373982269384225
1.25 0.948991390556022 0.315324721508621
1.3125 0.966833807292242 0.255435795050975
1.375 0.980900770766128 0.194549354149689
1.4375 0.991137347068905 0.132903158384143
1.5 0.997503559835228 0.0707379343312388
1.5625 0.999974546360788 0.00829643553521749
1.625 0.998540654701491 -0.0541775054384688
1.6875 0.993207481375011 -0.116439929163515
1.75 0.983995849517431 -0.178247702009194
1.8125 0.97094172758025 -0.239359465572759
1.875 0.954096088885173 -0.299536579180294
1.9375 0.933524712585111 -0.358544051775564
2 0.90930792680855 -0.416151459557861
2.0625 0.881540294990309 -0.472133845785455
2.125 0.850330246613479 -0.52627259923095
2.1875 0.815799653804478 -0.578356307858163
2.25 0.778083355434544 -0.628181584386918
2.3125 0.737328630586031 -0.675553860521931
2.375 0.693694623439546 -0.720288146744312
2.4375 0.647351721827724 -0.762209754698678
2.5 0.598480891882312 -0.801154979354963
2.5625 0.547272971372752 -0.836971738281056
2.625 0.493927924495708 -0.869520165529889
2.6875 0.438654061025548 -0.898673157821831
2.75 0.381667222874962 -0.924316870889523
2.8125 0.323189941242147 -0.946351164046895
2.875 0.263450567635872 -0.964689991246306
2.9375 0.202682382171722 -0.979261737096685
3 0.141122682621599 -0.990009496530502
3.0625 0.0790118577736988 -0.99689129702743
3.125 0.0165924487214772 -0.999880262526873
3.1875 -0.0458917982527714 -0.998964718389257
3.25 -0.108196883501249 -0.994148236996147
3.3125 -0.170079506824058 -0.985449623811111
3.375 -0.231298017551963 -0.972902843955687
3.4375 -0.291613358188442 -0.956556889587161
3.5 -0.350789997926139 -0.936475588595971
3.5625 -0.408596852392327 -0.912737355369755
3.625 -0.464808186031805 -0.88543488459724
3.6875 -0.519204493603413 -0.854674789307639
3.75 -0.57157335734793 -0.820577184558949
3.8125 -0.621710276480125 -0.783275218400811
3.875 -0.669419465765774 -0.742914551943471
3.9375 -0.714514620065207 -0.699652790563119
4 -0.756819641857826 -0.65365886846472
4.0625 -0.796169328906608 -0.605112389005546
4.125 -0.832410019377242 -0.55420292335543
4.1875 -0.865400191892689 -0.501129270232405
4.25 -0.895011018179946 -0.446098679604432
4.3125 -0.921126866150889 -0.389326043388613
4.375 -0.943645751452654 -0.33103305630817
4.4375 -0.962479735724213 -0.271447350184009
4.5 -0.977555270003925 -0.210801605041411
4.5625 -0.988813481947035 -0.14933264050296
4.625 -0.996210405731485 -0.0872804910157747
4.6875 -0.999717153754227 -0.0248874685242535
4.75 -0.999320029447528 0.037602783751434
4.8125 -0.995020580774677 0.0999462427361354
4.875 -0.98683559419615 0.161899458404513
4.9375 -0.974797029129749 0.223220504448778
5 -0.958951893160622 0.283669922997018
5.0625 -0.939362058488396 0.343011659693014
5.125 -0.916104020328176 0.401013985486066
5.1875 -0.889268598208789 0.457450401531254
5.25 -0.858960581334676 0.512100523666501
5.3125 -0.825298319396224 0.564750943012557
5.375 -0.788413260426388 0.615196059335269
5.4375 -0.748449437508235 0.663238883915849
5.5 -0.705562906337744 0.708691808793925
5.5625 -0.659921135838162 0.751377339379483
5.625 -0.611702354205491 0.791128787572823
5.6875 -0.561094852938787 0.827790922685894
5.75 -0.50829625157295 0.861220577623145
5.8125 -0.453512725985213 0.891287207954722
5.875 -0.396958203288731 0.917873401698821
5.9375 -0.338853526457181 0.940875337822471
6 -0.279425591942466 0.960203191670268
6.0625 -0.218906463653094 0.975781485737829
6.125 -0.157532466753117 0.987549384420184
6.1875 -0.0955432648202938 0.995460931584045
6.25 -0.0331809239671654 0.999485230036235
6.3125 0.0293110324203964 0.999606562187379
6.375 0.0916885746359368 0.995824451439652
6.4375 0.15370811958302 0.98815366405881
6.5 0.215127481962513 0.976624151523159
6.5625 0.275706820002177 0.961280933574532
6.625 0.33520957203552 0.942183922427935
6.6875 0.393403380272569 0.919407688826261
6.75 0.450060998155259 0.893041170853583
6.8125 0.50496117775421 0.863187326644084
6.875 0.557889533741629 0.829962732342707
6.9375 0.608639380566505 0.793497126887492
7 0.657012539562942 0.753932905391131
7.0625 0.702820112839852 0.711424563100069
7.125 0.745883220929977 0.666138092102434
7.1875 0.786033701317697 0.618250333140602
7.25 0.823114765117865 0.567948285059525
7.3125 0.856981609341321 0.515428374587389
7.375 0.887501982356166 0.460895689300053
7.4375 0.914556700336657 0.404563176764512
7.5 0.938040112682951 0.346650812988677
7.5625 0.957860514594221 0.287384743424648
7.625 0.973940505184005 0.226996399879813
7.6875 0.98621728973933 0.165721596784213
7.75 0.994642924943239 0.1037996103432
7.8125 0.9991845061031 0.041472244171279
7.875 0.999824295653537 -0.0210171149442009
7.9375 0.996559792432128 -0.0834244474622924
8 0.989403741457317 -0.145506053979264
8.0625 0.978384084170313 -0.20701950686997
8.125 0.963543849335231 -0.267724596963633
8.1875 0.944940985023478 -0.327384271557287
8.25 0.922648132338422 -0.385765560103948
8.3125 0.896752341763923 -0.442640483960721
8.375 0.867354733244316 -0.49778694664427
8.4375 0.83457010132321 -0.550989601117217
8.5 0.798526466882963 -0.602040690718713
8.5625 0.75936457723527 -0.650740860455358
8.625 0.717237356514932 -0.696899935484351
8.6875 0.672309308523006 -0.740337663748908
8.75 0.624755874351157 -0.780884419865938
8.8125 0.574762747295659 -0.81838186751728
8.875 0.522525147736256 -0.852683577757849
8.9375 0.468247060811445 -0.883655600826178
9 0.412140439867002 -0.911176989224426
9.0625 0.354424378788258 -0.935140270025172
9.125 0.295324256448119 -0.955451864560644
9.1875 0.235070856611728 -0.972032453855447
9.25 0.173899466734502 -0.984817288375742
9.3125 0.112048959172703 -0.993756440885292
9.375 0.0497608583943942 -0.998815001420909
9.4375 -0.012721602166723 -0.999973213625912
9.5 -0.0751544299316192 -0.99722655190915
9.5625 -0.137293825961376 -0.990585739128268
9.625 -0.198897136987147 -0.9800767047281
9.6875 -0.259723802966985 -0.965740483497622
9.75 -0.319536296469339 -0.947633055340783
9.8125 -0.378101050214942 -0.925825126686845
9.875 -0.435189369155058 -0.900401854393803
9.9375 -0.490578323524414 -0.871462513222966
10 -0.544051619381467 -0.839120108183189
