0.0625 3.04062138372307 -0.0310558323678327
0.125 3.03770856512531 -0.0622297985927754
0.1875 3.03282806455888 -0.0941217040565532
0.25 3.02591620081085 -0.127335135854387
0.3125 3.01687116216348 -0.162488515092121
0.375 3.00555173703122 -0.200226040787743
0.4375 2.99177536169075 -0.241228608873148
0.5 2.97531548545773 -0.286224733485568
0.5625 2.95589825439581 -0.336001414496906
0.625 2.9331985217463 -0.391414771976274
0.6875 2.9068352097988 -0.453400086061317
0.75 2.87636607835932 -0.52298061271068
0.8125 2.84128200577296 -0.601274155025409
0.875 2.80100096876962 -0.68949580685049
0.9375 2.75486202988266 -0.788954487315776
1 2.70211982280197 -0.901039777949066
1.0625 2.64194028844427 -1.02719408370405
1.125 2.57339878344267 -1.16886321830023
1.1875 2.49548218458122 -1.32741620034973
1.25 2.40709726613123 -1.50402257280659
1.3125 2.30708842547816 -1.69947354016011
1.375 2.19426871173123 -1.91393293461503
1.4375 2.06746889853556 -2.14660775524227
1.5 1.92560968178318 -2.3953392833218
1.5625 1.7678013689816 -2.65613898314725
1.625 1.593472787087 -2.92273220147868
1.6875 1.40252559068128 -3.18622592476179
1.75 1.19550111290628 -3.43507200869535
1.8125 0.973735089937954 -3.65552425495571
1.875 0.739464136640049 -3.83274127698913
1.9375 0.495842663092754 -3.95252944277216
2 0.246836934061862 -4.0034642684791
2.0625 -0.00301231320011644 -3.97887393282491
2.125 -0.248930849028566 -3.87807543607564
2.1875 -0.486293771301853 -3.70643517941489
2.25 -0.710973574261844 -3.47423056539552
2.3125 -0.919589054657609 -3.19470692930569
2.375 -1.10962330791664 -2.88193433404163
2.4375 -1.27941604538684 -2.54900099827505
2.5 -1.42806183670981 -2.20683457279835
2.5625 -1.55525562091877 -1.86368073603211
2.625 -1.66112276725396 -1.52509916372304
2.6875 -1.74605993589572 -1.1942807366822
2.75 -1.81060114280821 -0.872512100335006
2.8125 -1.85531420939958 -0.559668489870992
2.875 -1.88072711191744 -0.254671029190452
2.9375 -1.88728114282293 0.044113699707727
3 -1.87530728888658 0.338528317838672
3.0625 -1.84502290691518 0.630317210013645
3.125 -1.7965469547796 0.920836907666115
3.1875 -1.72993323398156 1.21076697600873
3.25 -1.64522195102564 1.49981241895538
3.3125 -1.54251005529012 1.7864028104868
3.375 -1.42203987653468 2.06741390295096
3.4375 -1.28430318823381 2.33796329689825
3.5 -1.13015376021587 2.59135795385887
3.5625 -0.960916019462131 2.81928699787614
3.625 -0.778471764299054 3.0123419036414
3.6875 -0.585303195145756 3.16089172225792
3.75 -0.384471728245893 3.25624054705497
3.8125 -0.179520425996066 3.29187240121513
3.875 0.0256967994487175 3.26449871448338
3.9375 0.22723770565929 3.17462510146555
4 0.421309848609988 3.02647115995139
4.0625 0.60448363853853 2.82726945739449
4.125 0.773847223915541 2.5861504191504
4.1875 0.927086408116397 2.31290882633425
4.25 1.06249102284146 2.01692170265637
4.3125 1.17890304094087 1.70638331834246
4.375 1.27562823812042 1.38790247072833
4.4375 1.35233299613815 1.06641736427805
4.5 1.40894347393738 0.745340769669821
4.5625 1.4455586497086 0.426844803774427
4.625 1.46238358180756 0.112213202887487
4.6875 1.4596854979064 -0.197786405895848
4.75 1.4377730423652 -0.502536785075396
4.8125 1.39699780440047 -0.801225466583817
4.875 1.33777658054928 -1.09252850200759
4.9375 1.26063217293527 -1.37433633087402
5 1.16624946314523 -1.64354372544055
5.0625 1.05554176582609 -1.89593744858964
5.125 0.929720050542117 -2.126224317204
5.1875 0.790354899378251 -2.32824180310946
5.25 0.639418878892362 -2.49537573036663
5.3125 0.479296567995208 -2.62117102493611
5.375 0.31275202709681 -2.70006640963657
5.4375 0.142849595259478 -2.72812884013816
5.5 -0.0271671948142764 -2.70363326898414
5.5625 -0.194024377294195 -2.6273495856404
5.625 -0.354572986923168 -2.5024646690346
5.6875 -0.505928551949874 -2.33416187891641
5.75 -0.645576246659732 -2.12896590419443
5.8125 -0.771431707812198 -1.89400548297499
5.875 -0.881857090674361 -1.63633969642667
5.9375 -0.975639776905395 -1.36244848610271
6 -1.05194561680883 -1.07792966477835
6.0625 -1.1102595910661 -0.787394949843152
6.125 -1.15032525522067 -0.494527302566533
6.1875 -1.1720915469492 -0.202251049889245
6.25 -1.17567253056025 0.0870312997657894
6.3125 -1.16132301779106 0.371173368272345
6.375 -1.12943091213175 0.648019783277722
6.4375 -1.08052547179494 0.915165676894144
6.5 -1.01529925141838 1.16976325156646
6.5625 -0.934640056330221 1.4083988707205
6.625 -0.839667735610936 1.62706519160189
6.6875 -0.731769155960323 1.8212504151489
6.75 -0.61262357263986 1.98615715923487
6.8125 -0.484210371547814 2.11704462778465
6.875 -0.348792358209489 2.2096609818351
6.9375 -0.208870743643802 2.2607043069645
7 -0.0671125259556872 2.26823058932668
7.0625 0.0737437851296784 2.23192619190275
7.125 0.210993597786033 2.15318550908766
7.1875 0.342069869916421 2.03497706918642
7.25 0.46463246923267 1.88152964043432
7.3125 0.576634024372095 1.6979073594074
7.375 0.676357951226185 1.4895582192017
7.4375 0.762429461696892 1.26191199738972
7.5 0.833804409091825 1.02007924248391
7.5625 0.889743123378823 0.768673287307763
7.625 0.929776925121408 0.511751676703766
7.6875 0.953674205362809 0.252856557508879
7.75 0.961411392296393 -0.0048743084937162
7.8125 0.953152285479554 -0.2585556348083
7.875 0.929237432374832 -0.505389544900058
7.9375 0.890183578432596 -0.74251219288613
8 0.836691753389212 -0.966874298136259
8.0625 0.769661241703582 -1.17517540303666
8.125 0.690205541934556 -1.36386834866092
8.1875 0.599665552547601 -1.52924468722741
8.25 0.49961482800989 -1.66760222210154
8.3125 0.391852075720356 -1.77548246783111
8.375 0.278377307689802 -1.8499503725385
8.4375 0.161350237272421 -1.88887502566142
8.5 0.0430323518589757 -1.89116326443012
8.5625 -0.0742829657249186 -1.85690213136381
8.625 -0.188345576589385 -1.78738184814632
8.6875 -0.297021243277802 -1.68499482606622
8.75 -0.398354580629298 -1.55303131739841
8.8125 -0.490617000904348 -1.39541116606793
8.875 -0.572337126277739 -1.2163988790367
8.9375 -0.642314026590439 -1.02034534556572
9 -0.69961599458439 -0.811487207402409
9.0625 -0.743569020549346 -0.59381910703024
9.125 -0.773739605437635 -0.371039316294875
9.1875 -0.789916216730662 -0.146558264932121
9.25 -0.792092809725532 0.0764470500394906
9.3125 -0.780456670132115 0.29495256005848
9.375 -0.755381580888181 0.506000505901365
9.4375 -0.717426103085225 0.706625346990352
9.5 -0.66733566397566 0.893808502540247
9.5625 -0.606046225237137 1.06447485622606
9.625 -0.534686637365378 1.21553917343461
9.6875 -0.454576471797955 1.34400403162632
9.75 -0.367216271565151 1.44710266093569
9.8125 -0.274267853030606 1.52247116675601
9.875 -0.17752351793252 1.56832678010108
9.9375 -0.0788646560073312 1.58362437618777
10 0.0197880463640672 1.56816450810807
