-5 -5 6.00291216753472E-08
-5 -4.75 1.09850872235962E-07
-5 -4.5 2.02337003317493E-07
-5 -4.25 3.75237811835878E-07
-5 -4 7.00859318393045E-07
-5 -3.75 1.31881968878907E-06
-5 -3.5 2.50098357848548E-06
-5 -3.25 4.78134459191163E-06
-5 -3 9.21822673572407E-06
-5 -2.75 1.79286439412451E-05
-5 -2.5 3.51879238201073E-05
-5 -2.25 6.97150870162718E-05
-5 -2 0.000139470921139081
-5 -1.75 0.000281836704789402
-5 -1.5 0.000575449109780133
-5 -1.25 0.00118769810710658
-5 -1 0.00248082715946117
-5 -0.75 0.00526885070585462
-5 -0.5 0.011636589193836
-5 -0.25 0.0303091211686077
-5 0 NaN
-5 0.25 0.0303091211686077
-5 0.5 0.011636589193836
-5 0.75 0.00526885070585462
-5 1 0.00248082715946117
-5 1.25 0.00118769810710658
-5 1.5 0.000575449109780133
-5 1.75 0.000281836704789402
-5 2 0.000139470921139081
-5 2.25 6.97150870162718E-05
-5 2.5 3.51879238201073E-05
-5 2.75 1.79286439412451E-05
-5 3 9.21822673572407E-06
-5 3.25 4.78134459191163E-06
-5 3.5 2.50098357848548E-06
-5 3.75 1.31881968878907E-06
-5 4 7.00859318393045E-07
-5 4.25 3.75237811835878E-07
-5 4.5 2.02337003317493E-07
-5 4.75 1.09850872235962E-07
-5 5 6.00291216753472E-08

-4.75 -5 9.88114035710077E-08
-4.75 -4.75 1.79779587611686E-07
-4.75 -4.5 3.29246261394197E-07
-4.75 -4.25 6.07135710992745E-07
-4.75 -4 1.12765885766515E-06
-4.75 -3.75 2.11029975960832E-06
-4.75 -3.5 3.98049131020623E-06
-4.75 -3.25 7.57025339127361E-06
-4.75 -3 1.45218795928982E-05
-4.75 -2.75 2.81081660345136E-05
-4.75 -2.5 5.49158379011808E-05
-4.75 -2.25 0.000108336323533457
-4.75 -2 0.00021588061744545
-4.75 -1.75 0.000434671836219258
-4.75 -1.5 0.000884614299301262
-4.75 -1.25 0.00182018651345528
-4.75 -1 0.00378754367524955
-4.75 -0.75 0.00797183990767225
-4.75 -0.5 0.016960554308806
-4.75 -0.25 0.0358125147918485
-4.75 0 0.0563928686959578
-4.75 0.25 0.0358125147918485
-4.75 0.5 0.016960554308806
-4.75 0.75 0.00797183990767225
-4.75 1 0.00378754367524955
-4.75 1.25 0.00182018651345528
-4.75 1.5 0.000884614299301262
-4.75 1.75 0.000434671836219258
-4.75 2 0.00021588061744545
-4.75 2.25 0.000108336323533457
-4.75 2.5 5.49158379011808E-05
-4.75 2.75 2.81081660345136E-05
-4.75 3 1.45218795928982E-05
-4.75 3.25 7.57025339127361E-06
-4.75 3.5 3.98049131020623E-06
-4.75 3.75 2.11029975960832E-06
-4.75 4 1.12765885766515E-06
-4.75 4.25 6.07135710992745E-07
-4.75 4.5 3.29246261394197E-07
-4.75 4.75 1.79779587611686E-07
-4.75 5 9.88114035710077E-08

-4.5 -5 1.61635841485205E-07
-4.5 -4.75 2.92301484813986E-07
-4.5 -4.5 5.32087212743E-07
-4.5 -4.25 9.75301166084952E-07
-4.5 -4 1.80073942278018E-06
-4.5 -3.75 3.35025091000718E-06
-4.5 -3.5 6.28321212448996E-06
-4.5 -3.25 1.18831697952205E-05
-4.5 -3 2.26725804045332E-05
-4.5 -2.75 4.36577943548867E-05
-4.5 -2.5 8.48769000368627E-05
-4.5 -2.25 0.000166669931432689
-4.5 -2 0.000330699745648613
-4.5 -1.75 0.000663252577536589
-4.5 -1.5 0.00134502129129008
-4.5 -1.25 0.0027583070708258
-4.5 -1 0.0057166753024179
-4.5 -0.75 0.0119238509430061
-4.5 -0.5 0.0245225446551928
-4.5 -0.25 0.0455942083360497
-4.5 0 0.0600196007990931
-4.5 0.25 0.0455942083360497
-4.5 0.5 0.0245225446551928
-4.5 0.75 0.0119238509430061
-4.5 1 0.0057166753024179
-4.5 1.25 0.0027583070708258
-4.5 1.5 0.00134502129129008
-4.5 1.75 0.000663252577536589
-4.5 2 0.000330699745648613
-4.5 2.25 0.000166669931432689
-4.5 2.5 8.48769000368627E-05
-4.5 2.75 4.36577943548867E-05
-4.5 3 2.26725804045332E-05
-4.5 3.25 1.18831697952205E-05
-4.5 3.5 6.28321212448996E-06
-4.5 3.75 3.35025091000718E-06
-4.5 4 1.80073942278018E-06
-4.5 4.25 9.75301166084952E-07
-4.5 4.5 5.32087212743E-07
-4.5 4.75 2.92301484813986E-07
-4.5 5 1.61635841485205E-07

-4.25 -5 2.62754398225585E-07
-4.25 -4.75 4.72132967205378E-07
-4.25 -4.5 8.53968288488732E-07
-4.25 -4.25 1.55538000951193E-06
-4.25 -4 2.85371498047082E-06
-4.25 -3.75 5.27634734015357E-06
-4.25 -3.5 9.83515434156117E-06
-4.25 -3.25 1.84899826912096E-05
-4.25 -3 3.50741359035561E-05
-4.25 -2.75 6.71620515963805E-05
-4.25 -2.5 0.000129879526367189
-4.25 -2.25 0.000253764106321843
-4.25 -2 0.00050116706246428
-4.25 -1.75 0.00100087955094417
-4.25 -1.5 0.0020221013304248
-4.25 -1.25 0.00413435445893818
-4.25 -1 0.0085573798899084
-4.25 -0.75 0.0179354325665746
-4.25 -0.5 0.0380423474153385
-4.25 -0.25 0.080178642859253
-4.25 0 0.126176640936512
-4.25 0.25 0.080178642859253
-4.25 0.5 0.0380423474153385
-4.25 0.75 0.0179354325665746
-4.25 1 0.0085573798899084
-4.25 1.25 0.00413435445893818
-4.25 1.5 0.0020221013304248
-4.25 1.75 0.00100087955094417
-4.25 2 0.00050116706246428
-4.25 2.25 0.000253764106321843
-4.25 2.5 0.000129879526367189
-4.25 2.75 6.71620515963805E-05
-4.25 3 3.50741359035561E-05
-4.25 3.25 1.84899826912096E-05
-4.25 3.5 9.83515434156117E-06
-4.25 3.75 5.27634734015357E-06
-4.25 4 2.85371498047082E-06
-4.25 4.25 1.55538000951193E-06
-4.25 4.5 8.53968288488732E-07
-4.25 4.75 4.72132967205378E-07
-4.25 5 2.62754398225585E-07

-4 -5 4.24469990053104E-07
-4 -4.75 7.57592814185674E-07
-4 -4.5 1.36108298672253E-06
-4 -4.25 2.46238645972027E-06
-4 -4 4.48768928863317E-06
-4 -3.75 8.24262305493169E-06
-4 -3.5 1.52641975724098E-05
-4 -3.25 2.85132148361256E-05
-4 -3 5.37510366517839E-05
-4 -2.75 0.000102307226813097
-4 -2.5 0.00019670647412211
-4 -2.25 0.000382242806100319
-4 -2 0.00075107389613681
-4 -1.75 0.00149300317621021
-4 -1.5 0.00300393254319215
-4 -1.25 0.00612125593368322
-4 -1 0.0126497860959434
-4 -0.75 0.0266389777793733
-4 -0.5 0.0584731370260656
-4 -0.25 0.151734919603101
-4 0 NaN
-4 0.25 0.151734919603101
-4 0.5 0.0584731370260656
-4 0.75 0.0266389777793733
-4 1 0.0126497860959434
-4 1.25 0.00612125593368322
-4 1.5 0.00300393254319215
-4 1.75 0.00149300317621021
-4 2 0.00075107389613681
-4 2.25 0.000382242806100319
-4 2.5 0.00019670647412211
-4 2.75 0.000102307226813097
-4 3 5.37510366517839E-05
-4 3.25 2.85132148361256E-05
-4 3.5 1.52641975724098E-05
-4 3.75 8.24262305493169E-06
-4 4 4.48768928863317E-06
-4 4.25 2.46238645972027E-06
-4 4.5 1.36108298672253E-06
-4 4.75 7.57592814185674E-07
-4 5 4.24469990053104E-07

-3.75 -5 6.81458488050941E-07
-3.75 -4.75 1.20767197243187E-06
-3.75 -4.5 2.15429982737734E-06
-3.75 -4.25 3.86974604718879E-06
-3.75 -4 7.00261623453156E-06
-3.75 -3.75 1.27712370538892E-05
-3.75 -3.5 2.34857420395058E-05
-3.75 -3.25 4.35700802560423E-05
-3.75 -3 8.15846639961632E-05
-3.75 -2.75 0.000154275171558619
-3.75 -2.5 0.000294773260887841
-3.75 -2.25 0.000569410192466823
-3.75 -2 0.00111262323531394
-3.75 -1.75 0.00220035846700189
-3.75 -1.5 0.00440645376149943
-3.75 -1.25 0.00894024773249145
-3.75 -1 0.0183851989274914
-3.75 -0.75 0.0383353505755586
-3.75 -0.5 0.0810077337737789
-3.75 -0.25 0.17034489097294
-3.75 0 0.2678661263058
-3.75 0.25 0.17034489097294
-3.75 0.5 0.0810077337737789
-3.75 0.75 0.0383353505755586
-3.75 1 0.0183851989274914
-3.75 1.25 0.00894024773249145
-3.75 1.5 0.00440645376149943
-3.75 1.75 0.00220035846700189
-3.75 2 0.00111262323531394
-3.75 2.25 0.000569410192466823
-3.75 2.5 0.000294773260887841
-3.75 2.75 0.000154275171558619
-3.75 3 8.15846639961632E-05
-3.75 3.25 4.35700802560423E-05
-3.75 3.5 2.34857420395058E-05
-3.75 3.75 1.27712370538892E-05
-3.75 4 7.00261623453156E-06
-3.75 4.25 3.86974604718879E-06
-3.75 4.5 2.15429982737734E-06
-3.75 4.75 1.20767197243187E-06
-3.75 5 6.81458488050941E-07

-3.5 -5 1.08729392193718E-06
-3.5 -4.75 1.91256549310664E-06
-3.5 -4.5 3.38618228681902E-06
-3.5 -4.25 6.03683060201796E-06
-3.5 -4 1.08418870355837E-05
-3.5 -3.75 1.96247220630672E-05
-3.5 -3.5 3.5819820275142E-05
-3.5 -3.25 6.59622970531016E-05
-3.5 -3 0.000122620726793437
-3.5 -2.75 0.000230240545209033
-3.5 -2.5 0.000436930585146532
-3.5 -2.25 0.000838541917099625
-3.5 -2 0.00162850738499166
-3.5 -1.75 0.00320238373266824
-3.5 -1.5 0.00637999617284618
-3.5 -1.25 0.0128823571359284
-3.5 -1 0.026352571049275
-3.5 -0.75 0.0543974652997339
-3.5 -0.5 0.111030543209972
-3.5 -0.25 0.205490320024769
-3.5 0 0.270088203595919
-3.5 0.25 0.205490320024769
-3.5 0.5 0.111030543209972
-3.5 0.75 0.0543974652997339
-3.5 1 0.026352571049275
-3.5 1.25 0.0128823571359284
-3.5 1.5 0.00637999617284618
-3.5 1.75 0.00320238373266824
-3.5 2 0.00162850738499166
-3.5 2.25 0.000838541917099625
-3.5 2.5 0.000436930585146532
-3.5 2.75 0.000230240545209033
-3.5 3 0.000122620726793437
-3.5 3.25 6.59622970531016E-05
-3.5 3.5 3.5819820275142E-05
-3.5 3.75 1.96247220630672E-05
-3.5 4 1.08418870355837E-05
-3.5 4.25 6.03683060201796E-06
-3.5 4.5 3.38618228681902E-06
-3.5 4.75 1.91256549310664E-06
-3.5 5 1.08729392193718E-06

-3.25 -5 1.7242475358683E-06
-3.25 -4.75 3.00926901598836E-06
-3.25 -4.5 5.28581537310767E-06
-3.25 -4.25 9.34846789240697E-06
-3.25 -4 1.6655161753232E-05
-3.25 -3.75 2.99057670071009E-05
-3.25 -3.5 5.4149201602684E-05
-3.25 -3.25 9.8925727393056E-05
-3.25 -3 0.000182461372463809
-3.25 -2.75 0.000339981973933941
-3.25 -2.5 0.00064040616714527
-3.25 -2.25 0.00122031251154186
-3.25 -2 0.00235401855674734
-3.25 -1.75 0.00460023666455318
-3.25 -1.5 0.0091134875387882
-3.25 -1.25 0.0183152369161796
-3.25 -1 0.0373620537167756
-3.25 -0.75 0.0774033925784034
-3.25 -0.5 0.162795024049168
-3.25 -0.25 0.341348271886461
-3.25 0 0.536250723980177
-3.25 0.25 0.341348271886461
-3.25 0.5 0.162795024049168
-3.25 0.75 0.0774033925784034
-3.25 1 0.0373620537167756
-3.25 1.25 0.0183152369161796
-3.25 1.5 0.0091134875387882
-3.25 1.75 0.00460023666455318
-3.25 2 0.00235401855674734
-3.25 2.25 0.00122031251154186
-3.25 2.5 0.00064040616714527
-3.25 2.75 0.000339981973933941
-3.25 3 0.000182461372463809
-3.25 3.25 9.8925727393056E-05
-3.25 3.5 5.4149201602684E-05
-3.25 3.75 2.99057670071009E-05
-3.25 4 1.6655161753232E-05
-3.25 4.25 9.34846789240697E-06
-3.25 4.5 5.28581537310767E-06
-3.25 4.75 3.00926901598836E-06
-3.25 5 1.7242475358683E-06

-3 -5 2.71793408137191E-06
-3 -4.75 4.70455377858291E-06
-3 -4.5 8.19480475710222E-06
-3 -4.25 1.4371247677595E-05
-3 -4 2.5386204222806E-05
-3 -3.75 4.51937091523516E-05
-3 -3.5 8.11303229545533E-05
-3 -3.25 0.000146953745619093
-3 -3 0.000268755183258919
-3 -2.75 0.000496611756313238
-3 -2.5 0.000927862582710683
-3 -2.25 0.0017542612880641
-3 -2 0.00335890457577505
-3 -1.75 0.00651854488015251
-3 -1.5 0.0128328054498575
-3 -1.25 0.0256527368810184
-3 -1 0.0521564042150445
-3 -0.75 0.108412785033476
-3 -0.5 0.23571275102786
-3 -0.25 0.608123952081758
-3 0 NaN
-3 0.25 0.608123952081758
-3 0.5 0.23571275102786
-3 0.75 0.108412785033476
-3 1 0.0521564042150445
-3 1.25 0.0256527368810184
-3 1.5 0.0128328054498575
-3 1.75 0.00651854488015251
-3 2 0.00335890457577505
-3 2.25 0.0017542612880641
-3 2.5 0.000927862582710683
-3 2.75 0.000496611756313238
-3 3 0.000268755183258919
-3 3.25 0.000146953745619093
-3 3.5 8.11303229545533E-05
-3 3.75 4.51937091523516E-05
-3 4 2.5386204222806E-05
-3 4.25 1.4371247677595E-05
-3 4.5 8.19480475710222E-06
-3 4.75 4.70455377858291E-06
-3 5 2.71793408137191E-06

-2.75 -5 4.25911555031838E-06
-2.75 -4.75 7.30866075923166E-06
-2.75 -4.5 1.26192146464347E-05
-2.75 -4.25 2.1933302757227E-05
-2.75 -4 3.83948409747554E-05
-2.75 -3.75 6.77297124370947E-05
-2.75 -3.5 0.000120471784383459
-2.75 -3.25 0.000216210349839872
-2.75 -3 0.000391797554577486
-2.75 -2.75 0.000717421018369215
-2.75 -2.5 0.00132852513345854
-2.75 -2.25 0.00249015258053148
-2.75 -2 0.00472864875008423
-2.75 -1.75 0.00910560336765945
-2.75 -1.5 0.0177971097905192
-2.75 -1.25 0.0353394321010359
-2.75 -1 0.0713537599939673
-2.75 -0.75 0.146604525483895
-2.75 -0.5 0.306467363804495
-2.75 -0.25 0.640211308134457
-2.75 0 1.00449797364675
-2.75 0.25 0.640211308134457
-2.75 0.5 0.306467363804495
-2.75 0.75 0.146604525483895
-2.75 1 0.0713537599939673
-2.75 1.25 0.0353394321010359
-2.75 1.5 0.0177971097905192
-2.75 1.75 0.00910560336765945
-2.75 2 0.00472864875008423
-2.75 2.25 0.00249015258053148
-2.75 2.5 0.00132852513345854
-2.75 2.75 0.000717421018369215
-2.75 3 0.000391797554577486
-2.75 3.25 0.000216210349839872
-2.75 3.5 0.000120471784383459
-2.75 3.75 6.77297124370947E-05
-2.75 4 3.83948409747554E-05
-2.75 4.25 2.1933302757227E-05
-2.75 4.5 1.26192146464347E-05
-2.75 4.75 7.30866075923166E-06
-2.75 5 4.25911555031838E-06

-2.5 -5 6.63605686438768E-06
-2.5 -4.75 1.12845416066078E-05
-2.5 -4.5 1.93042091416852E-05
-2.5 -4.25 3.3236850786221E-05
-2.5 -4 5.7625420036726E-05
-2.5 -3.75 0.000100666407771585
-2.5 -3.5 0.000177299064722054
-2.5 -3.25 0.000315051978932682
-2.5 -3 0.000565253621028827
-2.5 -2.75 0.00102482909077058
-2.5 -2.5 0.00187930950627487
-2.5 -2.25 0.00348902973121712
-2.5 -2 0.00656472314140523
-2.5 -1.75 0.0125313085035
-2.5 -1.5 0.0242943016343383
-2.5 -1.25 0.0478775017025552
-2.5 -1 0.0959248065518973
-2.5 -0.75 0.194713293614344
-2.5 -0.5 0.392552250112985
-2.5 -0.25 0.721048520814685
-2.5 0 0.945308712585717
-2.5 0.25 0.721048520814685
-2.5 0.5 0.392552250112985
-2.5 0.75 0.194713293614344
-2.5 1 0.0959248065518973
-2.5 1.25 0.0478775017025552
-2.5 1.5 0.0242943016343383
-2.5 1.75 0.0125313085035
-2.5 2 0.00656472314140523
-2.5 2.25 0.00348902973121712
-2.5 2.5 0.00187930950627487
-2.5 2.75 0.00102482909077058
-2.5 3 0.000565253621028827
-2.5 3.25 0.000315051978932682
-2.5 3.5 0.000177299064722054
-2.5 3.75 0.000100666407771585
-2.5 4 5.7625420036726E-05
-2.5 4.25 3.3236850786221E-05
-2.5 4.5 1.93042091416852E-05
-2.5 4.75 1.12845416066078E-05
-2.5 5 6.63605686438768E-06

-2.25 -5 1.02824298637754E-05
-2.25 -4.75 1.73196438430677E-05
-2.25 -4.5 2.93410369301476E-05
-2.25 -4.25 5.0016487398155E-05
-2.25 -4 8.58387389004037E-05
-2.25 -3.75 0.000148403131434175
-2.25 -3.5 0.000258629761010547
-2.25 -3.25 0.000454681842377371
-2.25 -3 0.000807017801621768
-2.25 -2.75 0.00144742109789285
-2.25 -2.5 0.00262586052381953
-2.25 -2.25 0.004823708742091
-2.25 -2 0.00898313344608949
-2.25 -1.75 0.0169804200968315
-2.25 -1.5 0.032621320960692
-2.25 -1.25 0.0637754327892913
-2.25 -1 0.127044717943628
-2.25 -0.75 0.258172515301187
-2.25 -0.5 0.53530855792152
-2.25 -0.25 1.11265923754699
-2.25 0 1.74281485293557
-2.25 0.25 1.11265923754699
-2.25 0.5 0.53530855792152
-2.25 0.75 0.258172515301187
-2.25 1 0.127044717943628
-2.25 1.25 0.0637754327892913
-2.25 1.5 0.032621320960692
-2.25 1.75 0.0169804200968315
-2.25 2 0.00898313344608949
-2.25 2.25 0.004823708742091
-2.25 2.5 0.00262586052381953
-2.25 2.75 0.00144742109789285
-2.25 3 0.000807017801621768
-2.25 3.25 0.000454681842377371
-2.25 3.5 0.000258629761010547
-2.25 3.75 0.000148403131434175
-2.25 4 8.58387389004037E-05
-2.25 4.25 5.0016487398155E-05
-2.25 4.5 2.93410369301476E-05
-2.25 4.75 1.73196438430677E-05
-2.25 5 1.02824298637754E-05

-2 -5 1.58481428818402E-05
-2 -4.75 2.64304243002587E-05
-2 -4.5 4.43201831162224E-05
-2 -4.25 7.47615730999503E-05
-2 -4 0.00012693102111403
-2 -3.75 0.000217035700839685
-2 -3.5 0.000373992309657017
-2 -3.25 0.000649969290092501
-2 -3 0.00114023167536849
-2 -2.75 0.0020210634217343
-2 -2.5 0.00362341921795101
-2 -2.25 0.00657847983024039
-2 -2 0.0121107026773476
-2 -1.75 0.0226396299100584
-2 -1.5 0.0430425379918666
-2 -1.25 0.0833713948633099
-2 -1 0.164933031883947
-2 -0.75 0.335248022895303
-2 -0.5 0.71689234493289
-2 -0.25 1.83069552115536
-2 0 NaN
-2 0.25 1.83069552115536
-2 0.5 0.71689234493289
-2 0.75 0.335248022895303
-2 1 0.164933031883947
-2 1.25 0.0833713948633099
-2 1.5 0.0430425379918666
-2 1.75 0.0226396299100584
-2 2 0.0121107026773476
-2 2.25 0.00657847983024039
-2 2.5 0.00362341921795101
-2 2.75 0.0020210634217343
-2 3 0.00114023167536849
-2 3.25 0.000649969290092501
-2 3.5 0.000373992309657017
-2 3.75 0.000217035700839685
-2 4 0.00012693102111403
-2 4.25 7.47615730999503E-05
-2 4.5 4.43201831162224E-05
-2 4.75 2.64304243002587E-05
-2 5 1.58481428818402E-05

-1.75 -5 2.43040300235529E-05
-1.75 -4.75 4.01144952363566E-05
-1.75 -4.5 6.65506561482927E-05
-1.75 -4.25 0.000111028882963644
-1.75 -4 0.000186373240716166
-1.75 -3.75 0.000314961369218194
-1.75 -3.5 0.000536234784977246
-1.75 -3.25 0.000920482395933824
-1.75 -3 0.00159450052523937
-1.75 -2.75 0.00279011296880047
-1.75 -2.5 0.0049374864916338
-1.75 -2.25 0.00884792947041205
-1.75 -2 0.0160791441301098
-1.75 -1.75 0.0296806356876334
-1.75 -1.5 0.0557492866280814
-1.75 -1.25 0.106751995689385
-1.75 -1 0.208793587057725
-1.75 -0.75 0.417887192912644
-1.75 -0.5 0.856602322940011
-1.75 -0.25 1.7678412564077
-1.75 0 2.76236942752856
-1.75 0.25 1.7678412564077
-1.75 0.5 0.856602322940011
-1.75 0.75 0.417887192912644
-1.75 1 0.208793587057725
-1.75 1.25 0.106751995689385
-1.75 1.5 0.0557492866280814
-1.75 1.75 0.0296806356876334
-1.75 2 0.0160791441301098
-1.75 2.25 0.00884792947041205
-1.75 2.5 0.0049374864916338
-1.75 2.75 0.00279011296880047
-1.75 3 0.00159450052523937
-1.75 3.25 0.000920482395933824
-1.75 3.5 0.000536234784977246
-1.75 3.75 0.000314961369218194
-1.75 4 0.000186373240716166
-1.75 4.25 0.000111028882963644
-1.75 4.5 6.65506561482927E-05
-1.75 4.75 4.01144952363566E-05
-1.75 5 2.43040300235529E-05

-1.5 -5 3.70966856283124E-05
-1.5 -4.75 6.05723458684178E-05
-1.5 -4.5 9.93744987435257E-05
-1.5 -4.25 0.00016388329104163
-1.5 -4 0.000271818562676655
-1.5 -3.75 0.000453697368671519
-1.5 -3.5 0.000762592112140775
-1.5 -3.25 0.00129180916248561
-1.5 -3 0.00220738595522273
-1.5 -2.75 0.00380879492941183
-1.5 -2.5 0.0066443624791765
-1.5 -2.25 0.0117350235732145
-1.5 -2 0.0210173689293841
-1.5 -1.75 0.0382410285464722
-1.5 -1.5 0.0708294520743442
-1.5 -1.25 0.133821685499719
-1.5 -1 0.258285446187232
-1.5 -0.75 0.50821661667331
-1.5 -0.5 1.00081579171543
-1.5 -0.25 1.8116119877452
-1.5 0 2.36327178146429
-1.5 0.25 1.8116119877452
-1.5 0.5 1.00081579171543
-1.5 0.75 0.50821661667331
-1.5 1 0.258285446187232
-1.5 1.25 0.133821685499719
-1.5 1.5 0.0708294520743442
-1.5 1.75 0.0382410285464722
-1.5 2 0.0210173689293841
-1.5 2.25 0.0117350235732145
-1.5 2.5 0.0066443624791765
-1.5 2.75 0.00380879492941183
-1.5 3 0.00220738595522273
-1.5 3.25 0.00129180916248561
-1.5 3.5 0.000762592112140775
-1.5 3.75 0.000453697368671519
-1.5 4 0.000271818562676655
-1.5 4.25 0.00016388329104163
-1.5 4.5 9.93744987435257E-05
-1.5 4.75 6.05723458684178E-05
-1.5 5 3.70966856283124E-05

-1.25 -5 5.63778231208671E-05
-1.25 -4.75 9.1031164917576E-05
-1.25 -4.5 0.000147619244488819
-1.25 -4.25 0.000240521586129814
-1.25 -4 0.00039394744457192
-1.25 -3.75 0.000648998640327808
-1.25 -3.5 0.0010761142730521
-1.25 -3.25 0.0017972877907927
-1.25 -3 0.00302631675608163
-1.25 -2.75 0.00514292974987457
-1.25 -2.5 0.00883183507187999
-1.25 -2.25 0.0153489472290062
-1.25 -2 0.0270428127512497
-1.25 -1.75 0.048401644255667
-1.25 -1.5 0.0882133840478576
-1.25 -1.25 0.16415206701998
-1.25 -1 0.312811340374022
-1.25 -0.75 0.612309883204817
-1.25 -0.5 1.2338252620317
-1.25 -0.25 2.51888948087359
-1.25 0 3.92133341910504
-1.25 0.25 2.51888948087359
-1.25 0.5 1.2338252620317
-1.25 0.75 0.612309883204817
-1.25 1 0.312811340374022
-1.25 1.25 0.16415206701998
-1.25 1.5 0.0882133840478576
-1.25 1.75 0.048401644255667
-1.25 2 0.0270428127512497
-1.25 2.25 0.0153489472290062
-1.25 2.5 0.00883183507187999
-1.25 2.75 0.00514292974987457
-1.25 3 0.00302631675608163
-1.25 3.25 0.0017972877907927
-1.25 3.5 0.0010761142730521
-1.25 3.75 0.000648998640327808
-1.25 4 0.00039394744457192
-1.25 4.25 0.000240521586129814
-1.25 4.5 0.000147619244488819
-1.25 4.75 9.1031164917576E-05
-1.25 5 5.63778231208671E-05

-1 -5 8.53448613057248E-05
-1 -4.75 0.000136219288899823
-1 -4.5 0.00021825159063062
-1 -4.25 0.000351160608088545
-1 -4 0.000567652783328864
-1 -3.75 0.000922401728568661
-1 -3.5 0.00150761119816818
-1 -3.25 0.00248033765580364
-1 -3 0.00411116377144931
-1 -2.75 0.00687235863175075
-1 -2.5 0.0116006017084211
-1 -2.25 0.0198038467651293
-1 -2 0.0342542399523462
-1 -1.75 0.0601656417725673
-1 -1.5 0.107606344979667
-1 -1.25 0.196631041523427
-1 -1 0.368801471027646
-1 -0.75 0.716090090806941
-1 -0.5 1.47791143017752
-1 -0.25 3.68988478755256
-1 0 NaN
-1 0.25 3.68988478755256
-1 0.5 1.47791143017752
-1 0.75 0.716090090806941
-1 1 0.368801471027646
-1 1.25 0.196631041523427
-1 1.5 0.107606344979667
-1 1.75 0.0601656417725673
-1 2 0.0342542399523462
-1 2.25 0.0198038467651293
-1 2.5 0.0116006017084211
-1 2.75 0.00687235863175075
-1 3 0.00411116377144931
-1 3.25 0.00248033765580364
-1 3.5 0.00150761119816818
-1 3.75 0.000922401728568661
-1 4 0.000567652783328864
-1 4.25 0.000351160608088545
-1 4.5 0.00021825159063062
-1 4.75 0.000136219288899823
-1 5 8.53448613057248E-05

-0.75 -5 0.000128748290777054
-0.75 -4.75 0.000203064155272993
-0.75 -4.5 0.000321326664781688
-0.75 -4.25 0.000510310294332544
-0.75 -4 0.000813717179860002
-0.75 -3.75 0.0013033845835781
-0.75 -3.5 0.00209835050444094
-0.75 -3.25 0.00339768992650565
-0.75 -3 0.00553787730950906
-0.75 -2.75 0.00909465558849556
-0.75 -2.5 0.0150674258655155
-0.75 -2.25 0.0252204793629356
-0.75 -2 0.042730911661761
-0.75 -1.75 0.0734558256762856
-0.75 -1.5 0.12849575663249
-0.75 -1.25 0.229578847456506
-0.75 -1 0.420836928762797
-0.75 -0.75 0.79563351126727
-0.75 -0.5 1.55903976060406
-0.75 -0.25 3.12513135116807
-0.75 0 4.83414649817498
-0.75 0.25 3.12513135116807
-0.75 0.5 1.55903976060406
-0.75 0.75 0.79563351126727
-0.75 1 0.420836928762797
-0.75 1.25 0.229578847456506
-0.75 1.5 0.12849575663249
-0.75 1.75 0.0734558256762856
-0.75 2 0.042730911661761
-0.75 2.25 0.0252204793629356
-0.75 2.5 0.0150674258655155
-0.75 2.75 0.00909465558849556
-0.75 3 0.00553787730950906
-0.75 3.25 0.00339768992650565
-0.75 3.5 0.00209835050444094
-0.75 3.75 0.0013033845835781
-0.75 4 0.000813717179860002
-0.75 4.25 0.000510310294332544
-0.75 4.5 0.000321326664781688
-0.75 4.75 0.000203064155272993
-0.75 5 0.000128748290777054

-0.5 -5 0.000193650384212139
-0.5 -4.75 0.000301723860337279
-0.5 -4.5 0.000471374636050623
-0.5 -4.25 0.00073861201130298
-0.5 -4 0.00116120940877808
-0.5 -3.75 0.00183242632714454
-0.5 -3.5 0.00290386424919284
-0.5 -3.25 0.00462397310909247
-0.5 -3 0.0074037975726845
-0.5 -2.75 0.0119310159192522
-0.5 -2.5 0.0193714789939966
-0.5 -2.25 0.0317334219090025
-0.5 -2 0.0525434223234601
-0.5 -1.75 0.0881412156942018
-0.5 -1.5 0.150251957608489
-0.5 -1.25 0.261295193950866
-0.5 -1 0.465630709967079
-0.5 -0.75 0.852305176632356
-0.5 -0.5 1.58242871004272
-0.5 -0.25 2.75490137962389
-0.5 0 3.54490767219644
-0.5 0.25 2.75490137962389
-0.5 0.5 1.58242871004272
-0.5 0.75 0.852305176632356
-0.5 1 0.465630709967079
-0.5 1.25 0.261295193950866
-0.5 1.5 0.150251957608489
-0.5 1.75 0.0881412156942018
-0.5 2 0.0525434223234601
-0.5 2.25 0.0317334219090025
-0.5 2.5 0.0193714789939966
-0.5 2.75 0.0119310159192522
-0.5 3 0.0074037975726845
-0.5 3.25 0.00462397310909247
-0.5 3.5 0.00290386424919284
-0.5 3.75 0.00183242632714454
-0.5 4 0.00116120940877808
-0.5 4.25 0.00073861201130298
-0.5 4.5 0.000471374636050623
-0.5 4.75 0.000301723860337279
-0.5 5 0.000193650384212139

-0.25 -5 0.000290564649587156
-0.25 -4.75 0.000447119654894865
-0.25 -4.5 0.000689438767624796
-0.25 -4.25 0.00106551334124221
-0.25 -4 0.00165094063212487
-0.25 -3.75 0.00256539237723535
-0.25 -3.5 0.0039993971907908
-0.25 -3.25 0.0062583305490008
-0.25 -3 0.0098355294572653
-0.25 -2.75 0.0155355641516754
-0.25 -2.5 0.024685729483488
-0.25 -2.25 0.0395067709308438
-0.25 -2 0.0637803463132574
-0.25 -1.75 0.104091671836733
-0.25 -1.5 0.172242138542602
-0.25 -1.25 0.29018259933904
-0.25 -1 0.50074246882319
-0.25 -0.75 0.892587368426407
-0.25 -0.5 1.66108809481165
-0.25 -0.25 3.21096665388951
-0.25 0 4.9016667738813
-0.25 0.25 3.21096665388951
-0.25 0.5 1.66108809481165
-0.25 0.75 0.892587368426407
-0.25 1 0.50074246882319
-0.25 1.25 0.29018259933904
-0.25 1.5 0.172242138542602
-0.25 1.75 0.104091671836733
-0.25 2 0.0637803463132574
-0.25 2.25 0.0395067709308438
-0.25 2.5 0.024685729483488
-0.25 2.75 0.0155355641516754
-0.25 3 0.0098355294572653
-0.25 3.25 0.0062583305490008
-0.25 3.5 0.0039993971907908
-0.25 3.75 0.00256539237723535
-0.25 4 0.00165094063212487
-0.25 4.25 0.00106551334124221
-0.25 4.5 0.000689438767624796
-0.25 4.75 0.000447119654894865
-0.25 5 0.000290564649587156

0 -5 0.000435175113182761
0 -4.75 0.000661225041588374
0 -4.5 0.00100609012134694
0 -4.25 0.00153318909191961
0 -4 0.00234049238434076
0 -3.75 0.00357988139360803
0 -3.5 0.0054877875964871
0 -3.25 0.00843405986927982
0 -3 0.0130006413517477
0 -2.75 0.0201097238658716
0 -2.5 0.0312355760308867
0 -2.25 0.0487613176795795
0 -2 0.0765948090510352
0 -1.75 0.121267727890559
0 -1.5 0.193990097194728
0 -1.25 0.314763246952579
0 -1 0.521564042150445
0 -0.75 0.895112613508677
0 -0.5 1.65235521130043
0 -0.25 3.80344618135975
0 0 NaN
0 0.25 3.80344618135975
0 0.5 1.65235521130043
0 0.75 0.895112613508677
0 1 0.521564042150445
0 1.25 0.314763246952579
0 1.5 0.193990097194728
0 1.75 0.121267727890559
0 2 0.0765948090510352
0 2.25 0.0487613176795795
0 2.5 0.0312355760308867
0 2.75 0.0201097238658716
0 3 0.0130006413517477
0 3.25 0.00843405986927982
0 3.5 0.0054877875964871
0 3.75 0.00357988139360803
0 4 0.00234049238434076
0 4.25 0.00153318909191961
0 4.5 0.00100609012134694
0 4.75 0.000661225041588374
0 5 0.000435175113182761

0.25 -5 0.000650943260421333
0.25 -4.75 0.000976504253958721
0.25 -4.5 0.00146591534738981
0.25 -4.25 0.00220233038162884
0.25 -4 0.00331158899672629
0.25 -3.75 0.00498448756903557
0.25 -3.5 0.00751095176265524
0.25 -3.25 0.0113327093983761
0.25 -3 0.0171249398166129
0.25 -2.75 0.0259237570043579
0.25 -2.5 0.0393271360840671
0.25 -2.25 0.0598156188511118
0.25 -2 0.0912732673197296
0.25 -1.75 0.139855725413621
0.25 -1.5 0.215493934987888
0.25 -1.25 0.334665803898228
0.25 -1 0.526046160953496
0.25 -0.75 0.843896776734525
0.25 -0.5 1.40529944933626
0.25 -0.25 2.47063326422265
0.25 0 3.62560987363124
0.25 0.25 2.47063326422265
0.25 0.5 1.40529944933626
0.25 0.75 0.843896776734525
0.25 1 0.526046160953496
0.25 1.25 0.334665803898228
0.25 1.5 0.215493934987888
0.25 1.75 0.139855725413621
0.25 2 0.0912732673197296
0.25 2.25 0.0598156188511118
0.25 2.5 0.0393271360840671
0.25 2.75 0.0259237570043579
0.25 3 0.0171249398166129
0.25 3.25 0.0113327093983761
0.25 3.5 0.00751095176265524
0.25 3.75 0.00498448756903557
0.25 4 0.00331158899672629
0.25 4.25 0.00220233038162884
0.25 4.5 0.00146591534738981
0.25 4.75 0.000976504253958721
0.25 5 0.000650943260421333

0.5 -5 0.000973081137657136
0.5 -4.75 0.00144110656446581
0.5 -4.5 0.00213423943689387
0.5 -4.25 0.00316075027732363
0.5 -4 0.00468098477665914
0.5 -3.75 0.00693241052038561
0.5 -3.5 0.0102667105112472
0.5 -3.25 0.015204717658622
0.5 -3 0.0225177712285191
0.5 -2.75 0.0333482032951
0.5 -2.5 0.0493877746987708
0.5 -2.25 0.0731419235180203
0.5 -2 0.108321040085532
0.5 -1.75 0.160419434007141
0.5 -1.5 0.237569204470945
0.5 -1.25 0.351779420684398
0.5 -1 0.520590959948939
0.5 -0.75 0.768257504172838
0.5 -0.5 1.11894607161549
0.5 -0.25 1.54003668903674
0.5 0 1.77245383609822
0.5 0.25 1.54003668903674
0.5 0.5 1.11894607161549
0.5 0.75 0.768257504172838
0.5 1 0.520590959948939
0.5 1.25 0.351779420684398
0.5 1.5 0.237569204470945
0.5 1.75 0.160419434007141
0.5 2 0.108321040085532
0.5 2.25 0.0731419235180203
0.5 2.5 0.0493877746987708
0.5 2.75 0.0333482032951
0.5 3 0.0225177712285191
0.5 3.25 0.015204717658622
0.5 3.5 0.0102667105112472
0.5 3.75 0.00693241052038561
0.5 4 0.00468098477665914
0.5 4.25 0.00316075027732363
0.5 4.5 0.00213423943689387
0.5 4.75 0.00144110656446581
0.5 5 0.000973081137657136

0.75 -5 0.0014546381433941
0.75 -4.75 0.00212675790314118
0.75 -4.5 0.00310725853495488
0.75 -4.25 0.00453625959151568
0.75 -4 0.00661664793105155
0.75 -3.75 0.00964157598344941
0.75 -3.5 0.0140335536400085
0.75 -3.25 0.0203996617837996
0.75 -3 0.0296088645480394
0.75 -2.75 0.0428989786652319
0.75 -2.5 0.0620221277314228
0.75 -2.25 0.0894372565857405
0.75 -2 0.128553397813306
0.75 -1.75 0.184009817551997
0.75 -1.5 0.261927006616344
0.75 -1.25 0.369911684133711
0.75 -1 0.516153522547642
0.75 -0.75 0.705652273730828
0.75 -0.5 0.928576474153619
0.75 -0.25 1.13524814756457
0.75 0 1.22541669347033
0.75 0.25 1.13524814756457
0.75 0.5 0.928576474153619
0.75 0.75 0.705652273730828
0.75 1 0.516153522547642
0.75 1.25 0.369911684133711
0.75 1.5 0.261927006616344
0.75 1.75 0.184009817551997
0.75 2 0.128553397813306
0.75 2.25 0.0894372565857405
0.75 2.5 0.0620221277314228
0.75 2.75 0.0428989786652319
0.75 3 0.0296088645480394
0.75 3.25 0.0203996617837996
0.75 3.5 0.0140335536400085
0.75 3.75 0.00964157598344941
0.75 4 0.00661664793105155
0.75 4.25 0.00453625959151568
0.75 4.5 0.00310725853495488
0.75 4.75 0.00212675790314118
0.75 5 0.0014546381433941

1 -5 0.0021758755659138
1 -4.75 0.00314081894754478
1 -4.5 0.00452740554606124
1 -4.25 0.00651605364065835
1 -4 0.00936196953736305
1 -3.75 0.0134245552260301
1 -3.5 0.0192072565877049
1 -3.25 0.0274106945751594
1 -3 0.0390019240552432
1 -2.75 0.0553017406311468
1 -2.5 0.0780889400772168
1 -2.25 0.109712964779054
1 -2 0.15318961810207
1 -1.75 0.212218523808478
1 -1.5 0.290985145792091
1 -1.25 0.393454058690724
1 -1 0.521564042150445
1 -0.75 0.671334460131508
1 -0.5 0.826177605650215
1 -0.25 0.950861545339937
1 0 0.999999989064902
1 0.25 0.950861545339937
1 0.5 0.826177605650215
1 0.75 0.671334460131508
1 1 0.521564042150445
1 1.25 0.393454058690724
1 1.5 0.290985145792091
1 1.75 0.212218523808478
1 2 0.15318961810207
1 2.25 0.109712964779054
1 2.5 0.0780889400772168
1 2.75 0.0553017406311468
1 3 0.0390019240552432
1 3.25 0.0274106945751594
1 3.5 0.0192072565877049
1 3.75 0.0134245552260301
1 4 0.00936196953736305
1 4.25 0.00651605364065835
1 4.5 0.00452740554606124
1 4.75 0.00314081894754478
1 5 0.0021758755659138

1.25 -5 0.00325878215791066
1.25 -4.75 0.00464481513353741
1.25 -4.5 0.00660679118812945
1.25 -4.25 0.0093760837435439
1.25 -4 0.0132722025597495
1.25 -3.75 0.0187333197299068
1.25 -3.5 0.0263553079177658
1.25 -3.25 0.0369401131836782
1.25 -3 0.0515528956144675
1.25 -2.75 0.0715843137587426
1.25 -2.5 0.0988082065449424
1.25 -2.25 0.135413366493212
1.25 -2 0.183967151665254
1.25 -1.75 0.247232329569338
1.25 -1.5 0.327699608312711
1.25 -1.25 0.42661686615232
1.25 -1 0.542235971390484
1.25 -0.75 0.667158981138923
1.25 -0.5 0.785586274364726
1.25 -0.25 0.873500767478447
1.25 0 0.906402468407809
1.25 0.25 0.873500767478447
1.25 0.5 0.785586274364726
1.25 0.75 0.667158981138923
1.25 1 0.542235971390484
1.25 1.25 0.42661686615232
1.25 1.5 0.327699608312711
1.25 1.75 0.247232329569338
1.25 2 0.183967151665254
1.25 2.25 0.135413366493212
1.25 2.5 0.0988082065449424
1.25 2.75 0.0715843137587426
1.25 3 0.0515528956144675
1.25 3.25 0.0369401131836782
1.25 3.5 0.0263553079177658
1.25 3.75 0.0187333197299068
1.25 4 0.0132722025597495
1.25 4.25 0.0093760837435439
1.25 4.5 0.00660679118812945
1.25 4.75 0.00464481513353741
1.25 5 0.00325878215791066

1.5 -5 0.00488967220135652
1.5 -4.75 0.00688307556394418
1.5 -4.5 0.00966318003903778
1.5 -4.25 0.0135258324569858
1.5 -4 0.0188696528926438
1.5 -3.75 0.0262266018072563
1.5 -3.5 0.0362983031149105
1.5 -3.25 0.0499967092420622
1.5 -3 0.0684851275473316
1.5 -2.75 0.0932110618691576
1.5 -2.5 0.125914613460978
1.5 -2.25 0.168583803891576
1.5 -2 0.223309544874706
1.5 -1.75 0.291967776987043
1.5 -1.5 0.375629894021222
1.5 -1.25 0.473597539035945
1.5 -1 0.582038387458849
1.5 -0.75 0.69249795601379
1.5 -0.5 0.791214355021362
1.5 -0.25 0.860906681132465
1.5 0 0.88622691804911
1.5 0.25 0.860906681132465
1.5 0.5 0.791214355021362
1.5 0.75 0.69249795601379
1.5 1 0.582038387458849
1.5 1.25 0.473597539035945
1.5 1.5 0.375629894021222
1.5 1.75 0.291967776987043
1.5 2 0.223309544874706
1.5 2.25 0.168583803891576
1.5 2.5 0.125914613460978
1.5 2.75 0.0932110618691576
1.5 3 0.0684851275473316
1.5 3.25 0.0499967092420622
1.5 3.5 0.0362983031149105
1.5 3.75 0.0262266018072563
1.5 4 0.0188696528926438
1.5 4.25 0.0135258324569858
1.5 4.5 0.00966318003903778
1.5 4.75 0.00688307556394418
1.5 5 0.00488967220135652

1.75 -5 0.00735455896213686
1.75 -4.75 0.0102272512682789
1.75 -4.5 0.0141755368412797
1.75 -4.25 0.0195769954639402
1.75 -4 0.0269278061542856
1.75 -3.75 0.0368719380610471
1.75 -3.5 0.0502324774748832
1.75 -3.25 0.0680413586353127
1.75 -3 0.0915603569896296
1.75 -2.75 0.122280903089874
1.75 -2.5 0.161882505962714
1.75 -2.25 0.212119078865876
1.75 -2 0.274590178097546
1.75 -1.75 0.350344254931856
1.75 -1.5 0.439264943952887
1.75 -1.25 0.539234308881219
1.75 -1 0.645191903184553
1.75 -0.75 0.748457261872161
1.75 -0.5 0.837007522687609
1.75 -0.25 0.897492463947747
1.75 0 0.919062520102744
1.75 0.25 0.897492463947747
1.75 0.5 0.837007522687609
1.75 0.75 0.748457261872161
1.75 1 0.645191903184553
1.75 1.25 0.539234308881219
1.75 1.5 0.439264943952887
1.75 1.75 0.350344254931856
1.75 2 0.274590178097546
1.75 2.25 0.212119078865876
1.75 2.5 0.161882505962714
1.75 2.75 0.122280903089874
1.75 3 0.0915603569896296
1.75 3.25 0.0680413586353127
1.75 3.5 0.0502324774748832
1.75 3.75 0.0368719380610471
1.75 4 0.0269278061542856
1.75 4.25 0.0195769954639402
1.75 4.5 0.0141755368412797
1.75 4.75 0.0102272512682789
1.75 5 0.00735455896213686

2 -5 0.0110948319697442
2 -4.75 0.0152459182248348
2 -4.5 0.020870308354053
2 -4.25 0.0284494961396735
2 -4 0.0386003892663628
2 -3.75 0.0521012851371205
2 -3.5 0.0699154693150493
2 -3.25 0.0932064384719963
2 -3 0.123334913143479
2 -2.75 0.161822569657006
2 -2.5 0.210260905965132
2 -2.25 0.270136847280592
2 -2 0.342542399523462
2 -1.75 0.427740109476846
2 -1.5 0.524580931775875
2 -1.25 0.629833804879726
2 -1 0.737602942055292
2 -0.75 0.839168075164384
2 -0.5 0.923694643860948
2 -0.25 0.980125646693649
2 0 0.999999989064902
2 0.25 0.980125646693649
2 0.5 0.923694643860948
2 0.75 0.839168075164384
2 1 0.737602942055292
2 1.25 0.629833804879726
2 1.5 0.524580931775875
2 1.75 0.427740109476846
2 2 0.342542399523462
2 2.25 0.270136847280592
2 2.5 0.210260905965132
2 2.75 0.161822569657006
2 3 0.123334913143479
2 3.25 0.0932064384719963
2 3.5 0.0699154693150493
2 3.75 0.0521012851371205
2 4 0.0386003892663628
2 4.25 0.0284494961396735
2 4.5 0.020870308354053
2 4.75 0.0152459182248348
2 5 0.0110948319697442

2.25 -5 0.0167953788099299
2.25 -4.75 0.0228140345280445
2.25 -4.5 0.0308562612582896
2.25 -4.25 0.0415361568086376
2.25 -4 0.0556206640900849
2.25 -3.75 0.0740499481033448
2.25 -3.5 0.0979499548405636
2.25 -3.25 0.128629059856349
2.25 -3 0.167546910747019
2.25 -2.75 0.216239138533776
2.25 -2.5 0.276177333211663
2.25 -2.25 0.348541484390009
2.25 -2 0.43388565943205
2.25 -1.75 0.531693228871031
2.25 -1.5 0.639853939904772
2.25 -1.25 0.754159197562149
2.25 -1 0.868001072704587
2.25 -0.75 0.972542981308765
2.25 -0.5 1.05762788941921
2.25 -0.25 1.11349936462772
2.25 0 1.13300308550976
2.25 0.25 1.11349936462772
2.25 0.5 1.05762788941921
2.25 0.75 0.972542981308765
2.25 1 0.868001072704587
2.25 1.25 0.754159197562149
2.25 1.5 0.639853939904772
2.25 1.75 0.531693228871031
2.25 2 0.43388565943205
2.25 2.25 0.348541484390009
2.25 2.5 0.276177333211663
2.25 2.75 0.216239138533776
2.25 3 0.167546910747019
2.25 3.25 0.128629059856349
2.25 3.5 0.0979499548405636
2.25 3.75 0.0740499481033448
2.25 4 0.0556206640900849
2.25 4.25 0.0415361568086376
2.25 4.5 0.0308562612582896
2.25 4.75 0.0228140345280445
2.25 5 0.0167953788099299

2.5 -5 0.0255248382551307
2.5 -4.75 0.0342860772580589
2.5 -4.5 0.0458364875454512
2.5 -4.25 0.0609601030837468
2.5 -4 0.0806111924937954
2.5 -3.75 0.105925929797375
2.5 -3.5 0.138219820325516
2.5 -3.25 0.178960984170125
2.5 -3 0.229706100965365
2.5 -2.75 0.291982814412919
2.5 -2.5 0.367101026974502
2.5 -2.25 0.455878161857882
2.5 -2 0.558273862186764
2.5 -1.75 0.672952475007256
2.5 -1.5 0.796831335836372
2.5 -1.25 0.924728756441421
2.5 -1 1.04928462513563
2.5 -0.75 1.16135437794487
2.5 -0.5 1.25101973964429
2.5 -0.25 1.30917272551899
2.5 0 1.32934037707366
2.5 0.25 1.30917272551899
2.5 0.5 1.25101973964429
2.5 0.75 1.16135437794487
2.5 1 1.04928462513563
2.5 1.25 0.924728756441421
2.5 1.5 0.796831335836372
2.5 1.75 0.672952475007256
2.5 2 0.558273862186764
2.5 2.25 0.455878161857882
2.5 2.5 0.367101026974502
2.5 2.75 0.291982814412919
2.5 3 0.229706100965365
2.5 3.25 0.178960984170125
2.5 3.5 0.138219820325516
2.5 3.75 0.105925929797375
2.5 4 0.0806111924937954
2.5 4.25 0.0609601030837468
2.5 4.5 0.0458364875454512
2.5 4.75 0.0342860772580589
2.5 5 0.0255248382551307

2.75 -5 0.0389600776034494
2.75 -4.75 0.0517715136965119
2.75 -4.5 0.0684437725835284
2.75 -4.25 0.0899796706107676
2.75 -4 0.117568479248864
2.75 -3.75 0.152584793985076
2.75 -3.5 0.196565660046115
2.75 -3.25 0.251154655257069
2.75 -3 0.317999282783114
2.75 -2.75 0.39858697876693
2.75 -2.5 0.494006953062052
2.75 -2.25 0.604632402293844
2.75 -2 0.729733407980421
2.75 -1.75 0.867057794442224
2.75 -1.5 1.01245566982598
2.75 -1.25 1.1596672300363
2.75 -1 1.30042585514729
2.75 -0.75 1.42502017146364
2.75 -0.5 1.52337668583006
2.75 -0.25 1.58655751830319
2.75 0 1.6083594101798
2.75 0.25 1.58655751830319
2.75 0.5 1.52337668583006
2.75 0.75 1.42502017146364
2.75 1 1.30042585514729
2.75 1.25 1.1596672300363
2.75 1.5 1.01245566982598
2.75 1.75 0.867057794442224
2.75 2 0.729733407980421
2.75 2.25 0.604632402293844
2.75 2.5 0.494006953062052
2.75 2.75 0.39858697876693
2.75 3 0.317999282783114
2.75 3.25 0.251154655257069
2.75 3.5 0.196565660046115
2.75 3.75 0.152584793985076
2.75 4 0.117568479248864
2.75 4.25 0.0899796706107676
2.75 4.5 0.0684437725835284
2.75 4.75 0.0517715136965119
2.75 5 0.0389600776034494

3 -5 0.0597474986645374
3 -4.75 0.0785756640006541
3 -4.5 0.102774349629353
3 -4.25 0.133629376028032
3 -4 0.172626188715081
3 -3.75 0.221430461832762
3 -3.5 0.281838267105593
3 -3.25 0.355683634026059
3 -3 0.444690353393712
3 -2.75 0.550256227209388
3 -2.5 0.673163351584962
3 -2.25 0.813219598936504
3 -2 0.968856214187805
3 -1.75 1.13673493342349
3 -1.5 1.31145232943969
3 -1.25 1.48546005789169
3 -1 1.64933031883947
3 -0.75 1.79246379428885
3 -0.5 1.90424529122799
3 -0.25 1.9755063973405
3 0 1.9999999781298
3 0.25 1.9755063973405
3 0.5 1.90424529122799
3 0.75 1.79246379428885
3 1 1.64933031883947
3 1.25 1.48546005789169
3 1.5 1.31145232943969
3 1.75 1.13673493342349
3 2 0.968856214187805
3 2.25 0.813219598936504
3 2.5 0.673163351584962
3 2.75 0.550256227209388
3 3 0.444690353393712
3 3.25 0.355683634026059
3 3.5 0.281838267105593
3 3.75 0.221430461832762
3 4 0.172626188715081
3 4.25 0.133629376028032
3 4.5 0.102774349629353
3 4.75 0.0785756640006541
3 5 0.0597474986645374

3.25 -5 0.0920878535850784
3.25 -4.75 0.11990940220107
3.25 -4.5 0.155242569836315
3.25 -4.25 0.199740982164987
3.25 -4 0.255264916101639
3.25 -3.75 0.323836263904796
3.25 -3.5 0.407553036575867
3.25 -3.25 0.508451003040244
3.25 -3 0.628300915301323
3.25 -2.75 0.76833390108214
3.25 -2.5 0.928896502838281
3.25 -2.25 1.1090522121165
3.25 -2 1.30616880110817
3.25 -1.75 1.5155588831259
3.25 -1.5 1.73026964185073
3.25 -1.25 1.94113604138086
3.25 -1 2.13720478421849
3.25 -0.75 2.3065882075097
3.25 -0.5 2.43771183644331
3.25 -0.25 2.52079139944383
3.25 0 2.54925694239696
3.25 0.25 2.52079139944383
3.25 0.5 2.43771183644331
3.25 0.75 2.3065882075097
3.25 1 2.13720478421849
3.25 1.25 1.94113604138086
3.25 1.5 1.73026964185073
3.25 1.75 1.5155588831259
3.25 2 1.30616880110817
3.25 2.25 1.1090522121165
3.25 2.5 0.928896502838281
3.25 2.75 0.76833390108214
3.25 3 0.628300915301323
3.25 3.25 0.508451003040244
3.25 3.5 0.407553036575867
3.25 3.75 0.323836263904796
3.25 4 0.255264916101639
3.25 4.25 0.199740982164987
3.25 4.5 0.155242569836315
3.25 4.75 0.11990940220107
3.25 5 0.0920878535850784

3.5 -5 0.142688183632898
3.5 -4.75 0.184038324510262
3.5 -4.5 0.235957761364962
3.5 -4.25 0.300580292033658
3.5 -4 0.380242234509524
3.5 -3.75 0.477401714107043
3.5 -3.5 0.594505926396137
3.5 -3.25 0.733794594344725
3.5 -3 0.897031000309263
3.5 -2.75 1.0851591480245
3.5 -2.5 1.29789812777108
3.5 -2.25 1.53330335022674
3.5 -2 1.78734844904666
3.5 -1.75 2.05360795323043
3.5 -1.5 2.3231425937836
3.5 -1.25 2.58469545018983
3.5 -1 2.82528531797386
3.5 -0.75 3.0312239178024
3.5 -0.5 3.18948703216801
3.5 -0.25 3.28925576450742
3.5 0 3.32335094268416
3.5 0.25 3.28925576450742
3.5 0.5 3.18948703216801
3.5 0.75 3.0312239178024
3.5 1 2.82528531797386
3.5 1.25 2.58469545018983
3.5 1.5 2.3231425937836
3.5 1.75 2.05360795323043
3.5 2 1.78734844904666
3.5 2.25 1.53330335022674
3.5 2.5 1.29789812777108
3.5 2.75 1.0851591480245
3.5 3 0.897031000309263
3.5 3.25 0.733794594344725
3.5 3.5 0.594505926396137
3.5 3.75 0.477401714107043
3.5 4 0.380242234509524
3.5 4.25 0.300580292033658
3.5 4.5 0.235957761364962
3.5 4.75 0.184038324510262
3.5 5 0.142688183632898

3.75 -5 0.222320076693717
3.75 -4.75 0.284154403655208
3.75 -4.5 0.360955741091642
3.75 -4.25 0.455487366765061
3.75 -4 0.570691736894782
3.75 -3.75 0.709560308262796
3.75 -3.5 0.874938019621557
3.75 -3.25 1.06925241549342
3.75 -3 1.29416331852867
3.75 -2.75 1.55013955568315
3.75 -2.5 1.83598533146845
3.75 -2.25 2.14836026227755
3.75 -2 2.48136185697118
3.75 -1.75 2.82626262948873
3.75 -1.5 3.1715082954325
3.75 -1.25 3.50307811364991
3.75 -1 3.80527359765998
3.75 -0.75 4.06193244943349
3.75 -0.5 4.25796728106795
3.75 -0.25 4.38102514104785
3.75 0 4.42298837799446
3.75 0.25 4.38102514104785
3.75 0.5 4.25796728106795
3.75 0.75 4.06193244943349
3.75 1 3.80527359765998
3.75 1.25 3.50307811364991
3.75 1.5 3.1715082954325
3.75 1.75 2.82626262948873
3.75 2 2.48136185697118
3.75 2.25 2.14836026227755
3.75 2.5 1.83598533146845
3.75 2.75 1.55013955568315
3.75 3 1.29416331852867
3.75 3.25 1.06925241549342
3.75 3.5 0.874938019621557
3.75 3.75 0.709560308262796
3.75 4 0.570691736894782
3.75 4.25 0.455487366765061
3.75 4.5 0.360955741091642
3.75 4.75 0.284154403655208
3.75 5 0.222320076693717

4 -5 0.348384790550251
4 -4.75 0.441442108424024
4 -4.5 0.555837281086642
4 -4.25 0.69516179724573
4 -4 0.863130943575404
4 -3.75 1.06338506780048
4 -3.5 1.2992102166732
4 -3.25 1.5731714637929
4 -3 1.88666138647762
4 -2.75 2.23938060115708
4 -2.5 2.62878692427434
4 -2.25 3.04957349601189
4 -2 3.49326075880605
4 -1.75 3.94800659835919
4 -1.5 4.39874483681638
4 -1.25 4.82774518814798
4 -1 5.21564042150445
4 -0.75 5.54288816546125
4 -0.5 5.79153595298921
4 -0.25 5.94706178114621
4 0 5.99999993438941
4 0.25 5.94706178114621
4 0.5 5.79153595298921
4 0.75 5.54288816546125
4 1 5.21564042150445
4 1.25 4.82774518814798
4 1.5 4.39874483681638
4 1.75 3.94800659835919
4 2 3.49326075880605
4 2.25 3.04957349601189
4 2.5 2.62878692427434
4 2.75 2.23938060115708
4 3 1.88666138647762
4 3.25 1.5731714637929
4 3.5 1.2992102166732
4 3.75 1.06338506780048
4 4 0.863130943575404
4 4.25 0.69516179724573
4 4.5 0.555837281086642
4 4.75 0.441442108424024
4 5 0.348384790550251

4.25 -5 0.549159489050596
4.25 -4.75 0.690130436502567
4.25 -4.5 0.86173610941321
4.25 -4.25 1.06866092201745
4.25 -4 1.31560526450186
4.25 -3.75 1.60699157537088
4.25 -3.5 1.94657245774635
4.25 -3.25 2.33693948898058
4.25 -3 2.77894447781813
4.25 -2.75 3.27106371489181
4.25 -2.5 3.80875885126159
4.25 -2.25 4.38391379292043
4.25 -2 4.98445036036
4.25 -1.75 5.59423968667972
4.25 -1.5 6.19342278080951
4.25 -1.25 6.75922412079718
4.25 -1 7.26728196091902
4.25 -0.75 7.69343124971742
4.25 -0.5 8.01577330398359
4.25 -0.25 8.21677467713417
4.25 0 8.28508506279013
4.25 0.25 8.21677467713417
4.25 0.5 8.01577330398359
4.25 0.75 7.69343124971742
4.25 1 7.26728196091902
4.25 1.25 6.75922412079718
4.25 1.5 6.19342278080951
4.25 1.75 5.59423968667972
4.25 2 4.98445036036
4.25 2.25 4.38391379292043
4.25 2.5 3.80875885126159
4.25 2.75 3.27106371489181
4.25 3 2.77894447781813
4.25 3.25 2.33693948898058
4.25 3.5 1.94657245774635
4.25 3.75 1.60699157537088
4.25 4 1.31560526450186
4.25 4.25 1.06866092201745
4.25 4.5 0.86173610941321
4.25 4.75 0.690130436502567
4.25 5 0.549159489050596

4.5 -5 0.870865624611499
4.5 -4.75 1.08586510508095
4.5 -4.5 1.34516620434868
4.5 -4.25 1.65489856751354
4.5 -4 2.02101519849814
4.5 -3.75 2.44886605113235
4.5 -3.5 2.94265420407209
4.5 -3.25 3.50478151014512
4.5 -3 4.13510859346058
4.5 -2.75 4.83017733475941
4.5 -2.5 5.58247092928624
4.5 -2.25 6.37981341996567
4.5 -2 7.2050319411179
4.5 -1.75 8.03601221947553
4.5 -1.5 8.84626344341204
4.5 -1.25 9.60606506335084
4.5 -1 10.2841937917103
4.5 -0.75 10.8501304144546
4.5 -0.5 11.2765395447628
4.5 -0.25 11.5417261664363
4.5 0 11.6317282993946
4.5 0.25 11.5417261664363
4.5 0.5 11.2765395447628
4.5 0.75 10.8501304144546
4.5 1 10.2841937917103
4.5 1.25 9.60606506335084
4.5 1.5 8.84626344341204
4.5 1.75 8.03601221947553
4.5 2 7.2050319411179
4.5 2.25 6.37981341996567
4.5 2.5 5.58247092928624
4.5 2.75 4.83017733475941
4.5 3 4.13510859346058
4.5 3.25 3.50478151014512
4.5 3.5 2.94265420407209
4.5 3.75 2.44886605113235
4.5 4 2.02101519849814
4.5 4.25 1.65489856751354
4.5 4.5 1.34516620434868
4.5 4.75 1.08586510508095
4.5 5 0.870865624611499

4.75 -5 1.38950047933573
4.75 -4.75 1.71966244722539
4.75 -4.5 2.11436584490823
4.75 -4.25 2.58165321329232
4.75 -4 3.12906173204676
4.75 -3.75 3.7630117922508
4.75 -3.5 4.48805680788943
4.75 -3.25 5.30601360985329
4.75 -3 6.21501638405061
4.75 -2.75 7.20856562606411
4.75 -2.5 8.27467406701157
4.75 -2.25 9.39523900660321
4.75 -2 10.5457878921275
4.75 -1.75 11.6957427177889
4.75 -1.5 12.8093211435737
4.75 -1.25 13.8471320757749
4.75 -1 14.7684330242849
4.75 -0.75 15.5339046169178
4.75 -0.5 16.1086842824021
4.75 -0.25 16.4653123466188
4.75 0 16.5862064174792
4.75 0.25 16.4653123466188
4.75 0.5 16.1086842824021
4.75 0.75 15.5339046169178
4.75 1 14.7684330242849
4.75 1.25 13.8471320757749
4.75 1.5 12.8093211435737
4.75 1.75 11.6957427177889
4.75 2 10.5457878921275
4.75 2.25 9.39523900660321
4.75 2.5 8.27467406701157
4.75 2.75 7.20856562606411
4.75 3 6.21501638405061
4.75 3.25 5.30601360985329
4.75 3.5 4.48805680788943
4.75 3.75 3.7630117922508
4.75 4 3.12906173204676
4.75 4.25 2.58165321329232
4.75 4.5 2.11436584490823
4.75 4.75 1.71966244722539
4.75 5 1.38950047933573

5 -5 2.23075109632528
5 -4.75 2.74129862417473
5 -4.5 3.34658359531178
5 -4.25 4.05717889033364
5 -4 4.88260594603289
5 -3.75 5.8304638160512
5 -3.5 6.90539702231535
5 -3.25 8.10794014053209
5 -3 9.43330693238808
5 -2.75 10.8702265522854
5 -2.5 12.3999631219006
5 -2.25 13.9956819167865
5 -2 15.6223370396457
5 -1.75 17.2372427658648
5 -1.5 18.7914461802277
5 -1.25 20.23193906314
5 -1 21.5046363631039
5 -0.75 22.557920507447
5 -0.5 23.3464278057684
5 -0.25 23.8346632606718
5 0 23.9999997375577
5 0.25 23.8346632606718
5 0.5 23.3464278057684
5 0.75 22.557920507447
5 1 21.5046363631039
5 1.25 20.23193906314
5 1.5 18.7914461802277
5 1.75 17.2372427658648
5 2 15.6223370396457
5 2.25 13.9956819167865
5 2.5 12.3999631219006
5 2.75 10.8702265522854
5 3 9.43330693238808
5 3.25 8.10794014053209
5 3.5 6.90539702231535
5 3.75 5.8304638160512
5 4 4.88260594603289
5 4.25 4.05717889033364
5 4.5 3.34658359531178
5 4.75 2.74129862417473
5 5 2.23075109632528

